45507 1 315
46447 1 211
47354 1 114
47318 2 293
47641 2 226
48854 2 14
45884 3 70
48515 3 133
48900 3 124
48479 4 72
48850 4 131
46631 5 228
49154 5 336
49201 9 337
46892 14 66
45817 15 27
45708 17 224
47178 17 64
47437 17 363
48295 19 271
48760 19 127
48624 21 68
47305 22 290
48063 22 342
43655 23 37
48132 23 113
48194 24 211
46298 25 184
47054 26 87
48153 27 304
44925 28 151
45951 28 134
47598 28 328
47494 29 442
47655 29 216
49124 29 262
46548 30 91
46661 30 313
44651 31 141
45997 31 250
49082 32 161
49452 32 272
46319 33 233
47292 33 45
47520 33 174
48746 33 77
44464 34 196
46107 34 224
48793 34 298
47079 35 101
47491 35 173
46248 37 109
47014 40 127
42715 41 220
44468 44 195
46378 44 151
48221 44 96
43220 45 195
47272 45 399
46240 46 110
46478 46 285
46989 47 160
47326 48 224
49141 48 248
47714 49 229
49472 49 401
48138 51 120
47783 52 81
45873 55 153
47557 55 89
47105 56 188
48154 56 228
49117 56 308
47662 57 299
49003 57 300
47319 59 295
48745 60 204
47897 61 213
49377 61 226
45725 63 321
46416 64 105
47353 65 196
46905 66 150
46283 69 393
48732 69 236
47953 70 83
48207 70 175
46983 71 317
48480 72 273
46100 73 238
45924 74 164
43332 75 327
49213 75 375
46180 76 193
63304 76 259
46565 77 251
47570 77 393
49394 78 253
45347 79 116
46152 79 391
46804 81 146
46376 82 204
42642 84 320
48720 85 162
49436 85 258
43186 87 195
45713 87 407
48516 87 269
45929 88 272
48323 90 212
44807 91 248
49184 94 360
47184 95 161
49395 95 173
46122 96 166
46517 96 329
46965 96 482
44223 97 178
46886 97 169
48263 98 421
49090 99 368
46519 100 235
48617 100 325
48694 100 255
48863 100 483
45550 101 277
46526 103 319
47578 103 665
48574 103 366
48634 105 178
48763 105 662
42740 107 229
45463 107 324
69652 107 316
45860 109 229
49250 109 338
55815 109 401
47942 110 121
45483 111 403
47676 111 336
46186 112 425
45836 113 174
47552 119 740
48908 119 398
42628 121 408
47946 122 185
43825 123 323
47209 123 751
44009 124 298
49174 125 407
46369 126 336
46333 129 208
48435 129 346
45073 131 318
55629 131 500
46917 135 205
48671 137 209
43269 138 155
47269 138 820
47718 138 150
48002 138 273
70046 138 495
46505 141 286
47558 142 451
46252 145 190
46723 146 394
48236 146 365
45961 149 751
46235 150 222
55323 150 278
43030 151 191
47038 153 242
48223 153 735
46640 154 865
48205 154 345
48889 154 397
46091 155 216
48822 156 393
47341 157 358
49172 158 354
46033 159 302
47306 160 997
43188 161 281
46363 161 356
49287 161 449
42615 162 216
46383 162 653
45874 163 320
45908 163 663
48394 164 502
55847 164 368
69731 164 1582
48625 165 244
46747 166 298
47515 166 344
55852 166 395
45953 167 268
46035 167 389
47153 167 252
69668 167 443
46847 168 263
46973 168 299
55870 168 400
48025 169 475
44401 173 273
46059 173 435
47122 173 304
48818 173 238
48135 174 284
48536 174 510
48857 174 302
47967 175 393
46814 176 404
63659 176 360
47605 177 752
49195 177 350
46444 178 311
54971 178 247
62305 178 346
44358 179 300
55229 179 372
42633 180 414
46684 180 858
48670 180 345
42645 181 410
46206 181 226
47628 182 392
48024 183 1063
48645 183 265
44677 184 411
47886 186 255
48583 187 368
48951 187 309
44039 188 276
45804 188 281
46490 189 259
47825 189 931
43910 190 373
49011 190 935
45932 191 261
48332 191 1049
46046 192 457
47567 192 360
48211 192 297
49414 193 752
55745 193 277
49338 194 406
54381 194 402
45821 196 511
46061 197 304
47672 197 1021
48297 197 1055
68808 198 594
47377 199 267
47932 199 416
43636 201 222
49092 201 287
42911 202 514
48472 203 337
45088 204 226
49380 205 409
46038 206 379
46765 206 437
44595 209 382
46987 212 269
70124 212 461
43889 213 239
55408 214 395
46511 216 506
46390 217 420
48202 217 379
48341 218 408
47971 219 326
46414 222 1125
47770 223 492
45505 224 349
45825 224 234
55358 224 469
49013 225 348
49333 225 504
48219 226 278
46429 227 398
46307 228 427
47589 229 1130
43844 230 406
47880 230 242
46947 231 333
48097 231 517
45987 232 1286
55331 232 405
45640 233 587
48806 234 1296
63290 234 650
46026 235 245
55285 235 441
45842 237 411
45681 238 295
46065 238 1384
47484 238 1439
69651 238 526
47104 239 354
47455 239 1634
49112 239 1239
40776 240 538
45561 240 338
70145 241 443
45031 242 292
45520 242 416
43320 243 285
48383 244 413
49081 244 436
44708 245 519
48685 246 357
42687 247 517
44384 247 420
44799 248 421
46260 248 398
46875 248 360
45506 249 344
48936 249 536
68887 249 473
69681 249 556
55335 251 2694
48352 252 347
48507 252 455
48553 254 340
48293 255 379
62115 255 435
48894 256 270
55111 256 444
62823 258 501
45920 260 513
48593 260 347
46314 261 1454
47930 261 1295
58419 262 523
46775 263 598
55842 263 520
46791 264 275
47380 264 649
47615 264 526
48616 264 399
49446 264 431
49937 264 456
48521 266 1207
48714 267 508
50748 267 445
43917 268 3169
47603 268 844
49278 268 1472
62886 268 520
45690 269 316
48091 269 375
69604 271 417
48771 272 840
44246 273 296
47881 273 286
46219 274 331
54384 274 365
55024 275 538
47717 276 289
49336 276 1265
42678 278 582
49403 278 1270
46756 279 511
47435 279 514
45862 280 515
45972 281 400
46560 281 502
49235 282 2001
69798 282 514
44002 283 313
46201 283 441
48366 283 454
55130 283 2769
48774 284 488
46720 285 510
62835 285 541
42884 286 513
46717 287 459
47979 288 1738
48730 289 423
61915 289 431
42625 290 588
44700 290 523
46073 290 1750
48455 293 421
49020 293 2015
47702 294 362
62151 294 819
41184 295 427
46329 295 459
48540 295 452
44519 296 461
54256 296 367
41161 297 1793
46181 297 684
47310 297 400
41272 298 2507
44463 298 494
44454 299 492
48442 299 458
47420 300 653
49411 302 509
69643 303 406
70094 303 684
43586 304 381
45823 304 367
55286 304 503
62680 304 504
44068 305 1572
45281 305 461
48441 305 503
55083 305 453
44713 306 676
46949 306 434
46331 308 1941
41145 309 372
47667 309 2112
41530 310 520
46662 310 392
49467 310 427
51606 310 503
45652 311 527
46357 311 358
42908 312 593
63674 313 497
42322 314 520
42679 315 681
47903 315 1026
44465 317 494
46996 317 378
42357 318 533
46421 318 407
48463 318 438
43845 319 506
45494 319 543
55207 319 475
48752 320 433
45905 321 673
42790 322 492
49266 322 478
46655 325 2211
50650 325 575
40783 326 657
41557 326 410
46647 326 746
47375 327 1365
45580 328 516
47546 329 618
47731 329 3078
48930 329 547
43862 330 611
36566 331 602
45560 332 511
47936 332 1924
55742 332 623
42691 334 682
55155 334 496
42712 335 514
55445 336 593
63310 337 484
45522 338 595
47371 338 655
47503 338 3599
55530 338 530
44579 339 486
44777 339 625
46863 339 452
48411 340 438
44951 341 492
58492 341 490
37202 342 2294
48655 342 407
45918 343 634
46734 343 393
46418 344 622
58405 344 553
58591 344 529
46592 345 443
48381 345 600
55308 345 595
58344 345 2050
46525 346 430
63317 346 545
46115 348 577
47169 348 440
45952 349 472
46004 350 481
69655 350 549
45479 351 683
48259 351 638
46374 352 394
48565 352 637
45508 353 673
48162 356 613
55421 356 3599
63316 356 542
69552 358 604
45438 359 597
47090 359 605
61903 359 528
48759 360 571
55176 360 448
55862 360 546
62370 362 394
43772 365 389
46285 365 1019
46976 366 444
49270 366 1483
40940 367 397
48654 368 448
48924 369 573
47020 370 480
47283 370 382
47286 371 844
45682 372 721
43272 373 473
48337 374 453
58582 376 641
45686 377 683
47012 377 688
49293 377 574
48436 378 544
43137 379 599
43531 379 585
47000 379 592
44696 380 689
44882 380 411
41047 383 568
43354 383 414
47875 383 602
48952 383 485
69824 383 549
46191 384 738
62759 385 534
44016 386 1791
45235 386 587
47506 386 600
41496 387 650
47790 387 488
48497 387 601
44037 388 645
44478 388 551
45468 388 1153
46799 388 512
63329 388 1641
41533 389 507
46010 389 1835
54995 389 523
63787 389 542
69670 389 932
47210 390 703
41541 391 499
45390 391 699
48980 391 1651
44803 392 553
45459 393 514
48738 393 596
55039 394 531
48534 395 586
41491 396 570
55044 396 537
47049 397 611
55141 397 1562
55677 397 675
63289 397 631
42674 398 696
60726 398 537
47724 399 2024
55411 399 2734
55543 401 1744
46832 402 472
46872 402 516
49234 402 680
62749 402 586
70138 403 627
41521 404 594
47145 404 638
46051 405 430
48056 405 815
42375 407 646
40901 408 572
48664 408 641
54262 408 765
43215 410 562
45800 410 793
62851 410 3599
63326 410 685
37227 411 525
42312 411 679
48729 411 527
49344 413 621
48603 414 518
37442 415 680
46990 415 598
62387 415 463
70110 415 786
44709 417 691
47323 417 2097
46531 418 604
47372 419 3599
49206 419 2785
41159 420 624
48117 420 460
55356 421 641
62671 421 472
44368 422 577
49027 423 600
55378 423 643
62394 425 471
42827 426 628
46074 426 550
46595 427 715
46372 428 588
49298 428 728
47418 429 681
40058 431 628
54916 431 3599
48620 432 722
59254 432 639
36979 433 460
45793 433 541
69582 433 672
39386 434 768
59298 434 580
44730 435 687
55017 436 655
58403 436 587
27714 437 634
47686 437 450
49323 438 762
58400 438 1149
62807 439 609
56189 440 2952
37481 441 602
37044 442 663
46718 442 2374
62353 442 473
46452 443 1205
47087 443 527
47748 444 568
55465 444 740
45502 445 974
46547 445 670
47798 446 576
38498 447 483
45627 447 637
46131 447 708
46347 447 494
45829 448 600
49094 448 2202
48009 450 576
69831 450 627
49224 451 779
47127 453 467
49001 453 3599
40839 455 490
45338 457 697
47629 457 615
47483 459 2759
48735 459 518
46537 460 607
55278 460 1757
42652 461 696
45175 463 571
47638 463 711
45528 464 699
46780 464 494
55008 465 657
55806 465 539
48294 466 692
47468 467 3599
37418 468 799
47119 468 520
63671 469 683
47538 470 824
42898 471 784
47348 471 815
46394 472 2198
62735 472 699
62869 472 588
70323 473 772
41091 474 643
49340 474 530
41016 475 507
41202 475 703
41525 475 729
47294 475 776
41111 476 745
44001 476 934
47338 476 2739
46492 477 528
55171 477 595
62755 477 2053
41020 478 645
41026 478 691
41090 478 674
43964 478 563
45187 479 680
46911 479 605
55533 480 1202
63323 480 2907
46243 481 930
63293 481 693
63431 481 628
41278 482 653
44033 482 2861
46788 482 738
41025 483 2052
41226 483 647
41291 483 655
44535 483 687
46165 483 550
41164 484 3159
46081 484 597
49356 485 553
55313 485 2877
60849 485 748
44008 486 3050
44725 486 876
42359 488 691
50692 488 3319
55009 488 614
49469 489 535
41146 490 2052
47713 491 525
63682 491 706
54778 492 723
62144 492 689
38965 493 887
40437 493 671
24884 495 708
46257 495 681
55471 495 658
46305 496 541
46670 497 739
47545 497 613
48677 497 1344
38672 498 697
46666 499 630
55667 499 628
42385 500 738
48865 500 743
54968 500 732
69531 501 618
48350 502 534
62889 502 3321
44569 504 682
50720 505 716
55361 505 974
36858 506 731
47029 506 602
46471 508 609
48367 508 628
62826 508 788
38972 509 758
37521 512 709
46259 512 674
47369 512 798
62314 512 706
70141 512 711
45769 513 2396
38964 514 761
46574 514 710
43854 515 567
45521 515 770
48999 515 2822
55191 515 664
37459 516 772
37477 516 877
45698 516 782
46817 517 622
55256 517 3599
62134 517 689
27999 518 3599
41495 518 768
40923 519 704
62888 519 890
62802 520 947
44095 521 914
46829 521 701
46950 521 686
53872 521 708
69820 521 708
45418 522 788
45767 522 802
48457 522 867
58285 522 775
58315 522 796
55255 523 873
45389 524 865
47910 524 2912
28050 525 3599
40851 525 581
47027 526 606
48433 526 1797
59159 526 669
60770 526 885
49294 527 701
47767 528 3599
58402 528 2220
58598 528 694
43678 529 546
48639 529 846
55773 529 875
58294 529 839
70030 529 878
37445 530 782
59208 530 896
45296 531 675
45588 531 869
45992 531 544
46809 531 712
55575 531 3599
49106 532 632
45551 533 705
47701 533 851
49267 533 578
24367 535 713
45966 535 723
47508 535 1016
48577 535 714
48899 537 762
45892 539 838
69514 539 744
27952 540 756
37004 542 569
48950 542 3599
49217 542 883
45294 543 691
47883 544 2481
47893 545 636
49400 546 1866
49416 547 616
63297 547 780
44296 548 657
46019 548 725
47168 548 639
47726 548 799
48559 548 618
44118 549 986
44712 549 885
55581 549 3599
47434 550 775
48847 550 1288
49271 550 643
47270 551 738
48167 551 593
61913 551 770
48032 552 3599
45805 553 2479
42345 554 604
45608 554 770
47389 555 3599
48675 555 888
49258 556 840
46557 557 774
47442 557 3029
44808 558 741
45957 558 3599
47486 558 751
55311 559 3565
62112 559 778
46423 560 636
47251 560 766
42366 562 841
42729 562 704
33896 563 801
41117 563 3313
44749 563 591
47969 563 664
41500 564 675
43996 564 949
41233 565 746
41277 565 839
43369 565 890
40991 566 741
41586 566 877
55395 566 1060
43951 567 3599
44691 567 882
47187 567 710
47260 567 817
48144 567 933
49053 567 3022
24345 568 800
52891 568 723
33911 569 748
41195 569 1188
47427 569 1047
48158 569 630
52916 569 3599
55877 569 798
44256 570 659
42708 571 885
44707 571 815
47217 571 722
50660 571 2266
55232 571 797
45574 572 969
45615 572 841
47290 572 3599
50704 572 3599
41255 573 924
46311 573 686
49355 573 856
24348 574 855
41505 574 738
47215 574 821
48012 574 832
55555 574 3599
27953 575 1055
38599 575 615
45678 575 772
48334 575 3323
42693 576 948
44064 576 980
47130 576 3325
48772 576 3599
44871 577 617
47063 577 854
62136 577 3599
38752 578 781
48360 578 3327
43820 579 620
61907 579 791
63284 579 1624
35333 580 746
38668 580 782
44055 580 1040
46678 580 1007
47164 581 715
69532 581 730
62101 582 822
64821 582 784
35309 583 813
46999 583 788
46585 584 626
52807 584 603
55416 584 1088
61489 584 789
45582 585 828
55321 586 3599
43848 587 772
42394 589 823
44262 590 613
55299 590 3599
48488 591 777
69736 591 826
46172 592 781
48125 592 835
26196 593 885
31787 593 741
43146 593 740
45926 593 948
70136 593 823
37483 594 622
49146 594 947
43234 595 742
55428 596 832
69800 596 887
43923 598 3599
45405 598 954
45275 599 764
55403 600 901
44427 601 743
47727 601 695
55831 601 891
62110 602 877
24361 603 803
27932 603 3599
44903 603 774
55337 603 824
37811 604 879
47596 604 1064
44085 605 799
43961 606 951
45352 606 950
47068 606 861
47793 606 727
48841 606 3372
42880 607 888
45861 607 3598
41493 608 824
47446 608 730
37479 609 643
43832 611 776
47195 611 733
54825 612 975
58421 612 754
42364 613 879
45621 613 868
69699 613 805
45368 614 646
58316 614 763
59131 614 758
36640 615 819
47142 615 738
55866 615 901
48252 616 1187
59132 616 756
17979 617 3599
70137 617 825
58389 618 903
43214 619 740
55025 619 726
55374 619 1070
56768 619 759
69458 619 904
46064 620 3517
58497 620 760
49198 621 1096
55079 621 813
59115 621 761
48427 622 758
58442 622 1498
60783 622 983
45942 623 1064
47977 623 799
48286 623 678
45224 624 865
48925 624 937
37125 625 911
38952 625 1092
45348 625 942
45546 625 949
49215 625 837
42858 626 937
46193 626 827
47642 626 857
48079 626 3599
23579 627 799
68886 627 946
70298 627 1028
46354 628 724
47952 628 3599
53879 628 825
47772 629 943
58303 629 942
49237 630 1070
55314 630 3599
23733 631 867
37234 631 1420
62141 631 870
46342 632 3162
55368 632 1629
38471 633 676
47425 635 949
47991 635 3599
50455 635 665
55142 637 716
55287 637 1887
47913 638 961
69682 638 1071
45469 639 699
45971 639 808
46405 639 701
49241 639 3599
11980 641 849
46153 641 814
70133 641 948
38936 642 3599
40859 642 707
43431 642 770
48600 642 958
47789 643 914
69460 643 950
44675 645 952
46496 645 852
25893 646 818
45351 646 679
49426 646 1002
56794 646 961
43115 647 863
48244 647 707
69603 647 772
49316 648 820
62813 648 1004
48439 649 996
62154 649 867
43954 650 951
46040 651 855
46494 651 754
55501 651 1004
43257 652 803
47721 652 954
41180 653 817
45611 653 862
45859 654 701
46956 654 781
47935 654 725
51055 654 818
41535 655 907
45801 655 1099
30047 656 1075
33875 656 1006
62152 656 1623
63366 656 819
27968 657 3599
39878 657 700
40446 657 775
46611 657 861
46818 657 952
48563 657 1052
60735 657 828
33993 658 953
48304 658 717
37446 659 971
40469 659 867
46215 659 2194
46779 659 853
41267 660 1020
46395 660 769
52216 660 892
49880 661 1747
55014 661 728
41138 662 3599
44036 662 928
49928 663 3599
45381 664 977
45570 664 807
52217 664 773
40999 665 2338
47315 665 1298
52880 665 2193
40915 666 740
43826 666 954
46781 666 991
47173 666 711
55535 666 3599
52918 667 1245
48459 668 1354
48947 668 847
46589 669 790
46853 669 705
53218 669 779
62155 669 890
63309 669 2195
45499 670 709
24359 671 2779
41106 671 3599
44007 671 702
55455 671 2389
36583 672 973
49163 672 726
60954 672 779
41242 673 995
42676 674 977
60757 674 3599
55569 675 957
31372 676 871
42338 676 766
48765 676 773
49311 676 720
52919 676 996
24364 677 914
37049 677 779
40792 677 885
47851 677 713
60971 677 788
45697 678 1228
46370 678 2889
24395 679 955
45635 680 811
48849 680 857
55277 681 3599
45799 682 730
47207 682 972
28091 683 2741
46542 683 888
36978 685 905
48933 685 946
27803 687 3599
39427 687 884
49275 687 851
62893 687 3171
47084 688 792
47870 688 780
61529 688 1053
55529 689 3599
49259 690 957
62578 690 887
44735 691 975
45784 691 1185
55785 691 1059
55449 692 960
46346 693 985
47958 693 950
61896 693 946
36867 694 971
46341 694 813
54946 694 3599
47408 695 1012
48595 695 816
69610 695 892
42844 696 959
45171 696 868
41229 697 964
44580 697 881
43160 698 888
55369 698 3385
4502 699 907
45609 700 814
47199 703 801
61370 703 848
37807 704 1031
46455 704 947
48292 704 754
26191 705 990
27841 705 971
42620 705 979
43415 705 864
43906 705 929
47548 705 1090
54958 705 814
60955 706 1049
27304 707 781
46991 707 787
47768 707 1058
59245 707 1062
69711 707 1171
26185 708 1006
43577 708 751
47056 708 893
58637 708 875
25395 709 809
48082 709 817
58493 709 851
43368 710 979
59297 710 846
58101 711 849
45666 712 1235
52721 712 889
58393 712 1008
69541 712 898
47521 714 1111
49037 714 948
69704 714 1168
69732 714 3599
47906 715 1039
27911 716 3599
46301 718 894
47081 718 860
48248 718 822
27945 719 3112
44574 719 884
45906 719 865
69264 719 1040
43145 720 974
27502 721 816
47193 721 796
59130 721 935
45549 722 1376
62163 722 972
45401 723 1034
46282 724 835
42874 725 1057
46558 726 867
47505 726 1027
63288 726 898
44561 727 970
45695 727 1303
47709 727 3599
47808 728 930
49118 728 1100
57900 728 945
17890 729 999
47982 729 903
48560 729 798
56214 729 1127
62816 729 1152
63679 729 988
46097 730 824
46868 730 1076
55137 730 903
60833 730 936
46133 731 800
38625 732 765
49179 732 970
56805 732 1795
47351 733 901
43363 734 1047
44013 734 1089
62319 734 894
46364 736 979
47102 737 802
47085 738 863
49042 738 825
61884 738 887
45740 740 791
48401 740 1360
48777 740 957
28616 741 3599
40871 741 796
48666 742 817
48959 742 952
46564 743 1126
70056 743 1138
42374 744 1064
47309 744 961
47836 744 962
63394 744 843
35989 745 1065
49245 745 820
41221 746 1041
46848 746 897
48008 747 989
68893 747 1002
41029 748 946
44560 748 3599
55246 748 3286
50736 749 3599
63384 749 991
68751 749 1145
44119 750 1111
45425 750 1046
46742 750 1203
48538 751 1000
52911 751 1190
55822 751 1090
62784 751 3599
41283 752 1015
55272 752 1246
42649 753 1058
43023 753 912
44124 753 1087
55007 753 1088
48046 754 819
50732 754 3599
55267 755 3234
55427 755 3284
43336 756 788
44743 756 1045
48703 756 903
52195 756 2910
62778 756 952
27765 757 882
48786 757 1032
45439 758 933
48245 758 957
55029 758 818
45226 759 944
45710 759 1341
46660 759 1127
46758 759 1000
47255 759 956
46006 760 1036
69777 760 1111
43777 761 790
43905 761 910
69671 762 1215
39454 763 814
47876 763 978
49462 763 973
62103 764 969
45555 765 1234
55375 765 1269
46563 766 1041
28088 767 1111
55541 767 1094
27787 769 909
28615 769 3556
39884 769 1070
40092 769 1034
45734 769 3019
53729 769 976
36568 771 1050
42369 772 1000
47540 773 1304
69721 773 1957
50992 774 1083
40203 775 1134
54261 775 885
36975 776 976
52436 777 984
66610 777 1137
39371 778 1049
45856 779 905
46937 780 1092
48522 780 811
48454 781 1399
67157 781 959
38926 782 1160
55289 782 3599
48141 784 959
55426 784 1039
55836 784 3599
37462 785 1134
49345 786 876
36976 787 989
43902 787 1546
44071 787 1542
55322 787 1170
49443 788 1356
48315 789 908
44907 790 818
46274 790 1483
46721 790 1022
69537 791 1038
13160 792 1134
58443 792 1405
69794 792 1167
47188 793 1157
41126 794 1096
48059 794 913
58490 794 940
25866 795 1003
18570 796 1167
11956 797 1105
12094 797 1251
43800 797 952
45304 797 907
49310 797 1035
47062 798 1281
47556 798 1557
69727 798 1267
12210 799 1027
12230 799 967
38589 799 848
46897 799 1159
53730 799 985
44103 800 1091
69499 800 1182
69791 800 1174
12262 801 937
47256 801 1496
59155 801 939
18577 802 1172
27829 802 1076
30066 802 1093
40850 802 857
47473 802 961
58119 802 941
27956 803 998
25947 804 1384
58384 804 1100
69622 804 1008
27926 805 3599
78008 805 942
45752 806 1185
60964 806 970
69562 806 1084
13158 807 1140
17998 807 3282
47352 808 1239
61490 808 1183
69688 808 1366
48748 809 878
38837 810 825
48599 810 1066
48892 810 3599
48923 810 1144
55807 810 886
38923 812 956
47879 812 1073
48708 812 1069
48302 813 962
55399 813 3599
55182 815 3188
63653 815 999
12974 816 947
43778 817 1041
56818 817 3599
42646 819 1125
47107 819 1027
78009 819 1212
58319 820 1246
46591 821 1071
45250 822 951
69698 823 1274
44058 825 958
47964 825 3266
54953 825 893
55341 825 1486
63614 825 971
46480 826 1040
46784 826 1158
47324 826 1067
55332 827 1490
60709 827 1028
45543 828 1591
52908 828 1098
54967 829 1501
63672 829 1077
47191 830 1154
48580 830 1041
55047 830 897
44054 831 1511
46456 831 1034
46982 831 1221
55464 831 1668
24921 832 1080
39351 833 998
46168 833 872
69835 833 1171
41595 834 1145
48417 834 994
55249 834 1589
40847 835 886
41007 835 1083
41281 835 1046
47784 835 1020
40455 836 948
45583 837 1216
48261 837 1086
62871 837 3104
63404 837 1001
47666 838 1466
48178 838 985
18018 839 3599
30055 839 2692
50726 839 1086
60847 839 1267
46264 840 1001
49114 840 1673
40400 841 1047
41252 841 1197
45760 841 1340
50751 841 2602
55194 841 1021
17932 842 3599
43900 842 875
44635 842 1005
55324 842 3599
31845 843 3599
33926 843 1004
43147 844 1003
44063 844 3202
41166 845 3599
46332 846 1010
49025 846 1220
54791 846 1606
53199 847 955
43003 848 911
60793 849 1051
62896 849 1755
45866 850 1083
60785 851 3599
45127 852 907
33914 853 3599
48482 853 1042
45070 855 1042
63325 855 1083
48255 856 1013
62326 856 1045
44042 857 1167
55353 857 1079
60411 858 1062
18020 859 1163
48087 859 894
49371 859 1043
53842 859 1092
46467 860 891
51603 860 1033
54377 860 984
17956 861 1239
31818 861 3599
45453 861 1141
24043 862 948
24341 864 2639
44633 864 1010
49368 864 1217
48409 865 1051
62165 866 1088
55334 867 2311
48355 869 1045
54983 869 1545
41244 870 1066
43062 871 1077
46239 871 1056
47453 871 1144
47429 872 1395
48844 873 1088
60409 873 1062
43984 875 1207
44761 875 902
28599 876 1515
40397 876 1094
49221 876 1151
46056 877 1044
47637 877 1147
47788 877 1222
18014 878 1500
25878 879 977
44886 879 905
48311 879 1146
48581 879 1588
17876 880 1024
44310 880 919
46451 880 1046
47822 880 1224
69473 880 1542
42623 881 1243
48317 881 1236
69829 881 1567
49297 882 1115
48356 883 1069
59161 883 1037
47135 884 1225
49314 884 1604
58310 884 1290
59096 884 1029
69498 884 1620
66856 885 915
12167 886 1053
45909 887 1372
58311 887 1286
12095 888 1290
52830 888 1154
56870 889 1145
47314 890 1288
46025 891 1139
54996 891 993
59207 892 1196
48706 893 962
50698 893 1053
58461 893 1807
45853 894 1223
48965 894 1198
60985 894 1158
45739 895 1170
52993 895 1354
58441 895 1256
48533 896 1129
62870 896 1225
45664 897 1236
50604 897 1049
58309 897 1209
60792 897 1192
58431 898 1356
69807 898 1176
38600 899 927
38807 899 925
46749 899 3265
49196 899 3599
58347 899 3599
59226 899 1030
12401 900 1240
45559 900 1222
48494 900 972
69546 900 1026
45384 901 1147
46877 901 963
59090 901 1027
48697 902 1218
49428 902 965
61923 902 1156
47912 903 1227
52734 903 1039
58428 903 1147
25911 904 3599
47891 904 1216
48794 904 1206
46922 905 1154
47773 905 992
28111 907 3599
48693 908 1074
61991 908 1154
62674 911 930
46284 912 980
55776 912 995
44966 913 972
62309 914 966
64813 914 1145
45702 915 1339
45965 915 1128
48303 916 1105
50540 916 1146
70051 916 1674
25946 917 3599
48498 917 1135
44779 918 975
46228 918 1018
54813 918 1763
56237 918 997
61902 918 1125
45694 919 989
46841 919 1253
69648 919 3599
46317 921 988
48505 921 1245
27312 922 999
49430 923 1219
47441 924 1306
47804 925 1127
51065 925 1007
55453 925 3599
60714 926 971
62686 926 1150
27938 927 3599
28007 927 3599
41181 928 1246
41251 928 1353
45816 928 1163
41158 929 1194
44967 929 1115
46710 929 1195
41132 930 1149
41280 930 1156
52996 930 1322
62747 930 3537
41009 931 2787
44077 931 3599
62643 931 940
24339 932 1705
52936 932 3091
43231 933 1098
49292 933 1133
55197 933 1077
35314 934 2664
41109 934 1457
42696 934 1224
43760 934 1019
49905 934 3261
62803 934 1476
63307 936 3516
30018 937 3566
47511 938 1200
52912 938 1424
44082 939 2214
48139 939 1121
52866 939 3580
26028 940 1513
42650 940 1230
50649 940 1254
54784 940 1057
31854 941 3599
55319 941 1159
34324 942 985
37821 942 1231
41121 942 2543
44044 942 1654
44793 942 977
46090 942 1020
46150 942 1168
49148 942 1185
50711 942 1295
47263 943 1130
55868 943 1259
33890 944 3599
39368 944 1352
62580 944 1156
64941 944 1281
46943 945 1677
55275 945 3599
56208 945 1066
40849 946 986
60767 946 3599
62368 946 1162
15637 947 979
44846 947 1134
31189 948 1153
44348 948 970
39868 949 1227
40855 949 987
45851 949 1132
25844 950 1244
43805 950 1148
46580 950 1142
50517 950 963
40912 951 1013
43847 951 982
46080 951 1024
46685 951 1270
48757 952 1197
42402 953 1158
44098 953 1291
44924 953 984
48241 953 1007
36576 954 1220
36852 954 1180
46751 954 1026
56272 954 1854
44026 955 1081
42701 957 1236
62142 957 1286
55035 958 1261
55609 958 1867
50986 959 1191
40765 960 1155
47447 960 1737
52831 960 1157
37455 961 1228
48133 961 1245
56203 961 1072
44608 962 1184
47787 962 1176
67408 962 1318
44875 964 1113
47426 964 1179
37239 966 1463
38659 966 975
40405 966 1188
47752 966 1642
55392 966 2224
66807 966 1188
45792 967 1283
31154 968 1229
40060 968 1222
40399 968 1292
45903 968 1095
46957 968 1183
55268 968 3599
66927 968 3599
67152 968 1169
45893 969 1757
27740 970 1074
39893 970 1019
59299 970 1137
60405 970 1222
69563 970 1161
27944 971 3599
36866 971 1312
45063 971 1148
45910 971 1050
47675 971 1225
50533 971 1152
38973 972 1359
45719 972 1231
18016 973 3599
54264 973 1080
58505 973 1126
46683 974 1027
47293 974 1232
58438 974 3599
46546 975 1756
49231 975 1029
55367 975 1199
69784 975 1844
25821 977 1847
54772 977 1269
59169 977 1213
25851 978 1163
78417 978 1162
46263 979 1722
69812 979 1865
58345 980 3181
59305 980 1122
69761 980 1866
12273 981 1135
37439 981 1241
45876 981 3599
17844 982 1136
60848 982 1158
69559 982 1138
44080 983 1285
58120 983 1134
58355 983 3509
12135 984 1228
37810 984 1246
47181 984 1758
48403 984 1055
48866 984 1225
12377 985 1309
47765 985 1231
78005 985 1411
43198 986 1198
18022 987 3599
44783 987 1239
45871 987 1060
49575 987 1220
59092 987 1133
62168 987 1192
47358 988 1245
57698 988 1136
59126 988 1214
62693 989 1025
69657 989 3599
12283 990 1218
17919 990 1329
46254 990 3272
48940 990 1248
60743 990 3599
48535 991 1169
52443 991 1212
55544 991 3599
58362 991 1364
35328 992 1906
12219 993 3599
62161 993 1220
47705 994 1217
54980 994 1888
31165 995 1209
12090 996 1408
58601 996 1247
32555 997 1209
48113 997 1220
21067 998 1171
55233 998 3599
12376 999 1258
48776 999 1219
43232 1000 1186
58638 1000 1252
61881 1000 1218
12384 1001 1188
47212 1001 1064
46562 1002 1252
49251 1002 2250
52463 1003 1231
55150 1004 1915
48913 1005 3599
24552 1006 1296
46729 1007 1054
49067 1007 1356
46241 1009 3599
46573 1009 1244
47291 1009 1081
45576 1010 1203
55572 1010 1918
47414 1011 1300
47112 1012 1254
48118 1012 3599
24385 1013 3599
28022 1013 1419
43361 1013 1323
47576 1014 1298
41061 1015 1193
43113 1015 3599
47618 1016 1312
71381 1016 1352
40462 1017 1200
41150 1017 1500
46233 1017 1222
46393 1017 2012
62885 1017 1716
47123 1018 1307
48652 1018 1767
49364 1018 1309
52979 1018 3599
48284 1019 1070
35269 1020 1219
48514 1020 1295
62765 1020 1405
41204 1021 1209
47475 1021 1233
48956 1021 1645
69659 1021 2049
43850 1022 1309
48305 1022 2015
62860 1022 3599
41137 1023 1259
60799 1023 1268
41517 1024 1215
53195 1024 3599
31863 1026 3599
55401 1026 3599
28002 1027 3599
45369 1027 1314
40981 1028 1224
55550 1028 1918
38601 1029 1078
46898 1029 1068
52988 1029 3599
55442 1029 1284
62331 1029 1233
28614 1030 3599
46797 1031 1176
48285 1031 1292
55262 1031 1431
43513 1032 1148
38805 1034 1243
40091 1034 1253
48861 1034 1311
55680 1034 1173
55861 1034 3599
44832 1035 1081
27925 1036 3599
41522 1036 1294
43671 1036 1056
54829 1036 2114
41005 1037 1372
7393 1037 3599
41511 1038 1213
49170 1038 1313
64896 1038 1430
47639 1039 1309
48962 1041 3599
49588 1041 1243
43588 1042 1103
43974 1044 1612
55325 1046 3599
55351 1048 3599
45515 1050 1777
69710 1050 2592
45316 1051 1077
45232 1053 1217
56232 1053 1175
61910 1053 1310
28631 1054 1247
46104 1054 1314
48495 1054 1140
23705 1055 1255
42684 1055 1316
18557 1056 2350
48264 1056 1617
15288 1057 1615
24885 1057 1250
69470 1057 2187
12157 1058 3599
40770 1058 1319
40771 1058 1306
46663 1058 1277
18007 1059 3599
35115 1059 1086
43781 1059 1227
51897 1059 1256
69729 1059 3424
25808 1061 2249
46650 1061 1106
62717 1061 1079
17994 1062 1441
40070 1062 1324
42663 1062 1318
47742 1062 1400
63667 1062 1257
12104 1063 1413
44181 1063 1088
46822 1063 1653
59269 1064 1256
60410 1064 1316
41006 1065 1298
43930 1065 1710
60819 1065 1301
47055 1066 1700
24926 1067 1331
43432 1067 1234
45324 1067 1092
47180 1067 1150
56719 1067 1204
48502 1068 1155
25958 1069 2538
44842 1069 1196
46454 1069 1307
60407 1069 1450
48606 1070 1321
55221 1070 1373
77889 1070 1407
49334 1071 1157
49907 1071 1337
25895 1072 1296
35318 1072 1269
43071 1072 1203
48001 1072 1107
69692 1073 3437
43979 1074 1178
45901 1074 1642
48830 1074 1229
49263 1074 1349
56857 1074 1339
43856 1075 1103
48653 1075 1254
57898 1075 1319
48604 1077 1263
56859 1077 1300
62145 1077 1205
12255 1078 1209
12139 1079 1563
55804 1080 2399
58413 1080 1537
27963 1081 3599
60699 1081 1476
48878 1082 1653
58360 1082 1296
12986 1083 1215
47678 1084 1387
12176 1085 1372
45586 1086 1852
69685 1086 2844
47158 1087 1864
43931 1088 1424
45565 1088 1159
46930 1088 1305
47316 1088 1332
49413 1088 1857
52448 1088 1345
70147 1088 3147
46986 1089 1384
48393 1090 1623
44135 1091 1581
27950 1092 3599
40829 1092 1169
44027 1093 1488
46738 1093 1477
58296 1093 1384
47189 1094 1980
70139 1094 1732
17964 1095 3599
44377 1095 1293
50661 1095 1428
45741 1096 1352
27951 1097 3599
49449 1097 1458
63648 1097 1335
71151 1097 1312
25937 1098 3410
48529 1098 2122
48922 1098 1346
55241 1098 3599
47396 1099 1713
53858 1099 1333
28005 1100 3599
48340 1100 1316
48744 1100 1349
43983 1101 1924
46027 1101 1173
27979 1102 3599
47279 1102 3599
48155 1102 1181
62713 1102 1211
69474 1102 2667
42855 1103 1402
48663 1103 1351
22883 1104 3599
41183 1104 1371
48386 1104 1307
9920 1104 1705
44447 1105 1292
39910 1106 1132
44680 1107 1401
41174 1108 1315
55743 1108 2683
48768 1109 1395
54780 1109 1448
63282 1109 1394
68306 1109 1137
54970 1110 1181
55751 1110 1179
55826 1111 1785
47213 1112 1161
10083 1113 1356
46366 1113 1197
44729 1114 1368
27313 1116 1261
44796 1116 1158
52815 1119 1317
55863 1119 2459
18005 1120 3599
46554 1120 1165
45715 1121 1676
46605 1121 1170
35271 1122 1398
45176 1122 1308
48782 1122 1377
54376 1122 1814
36982 1123 1418
48214 1123 1738
61883 1123 1337
10066 1124 1313
41070 1125 3599
48388 1125 1392
47591 1126 1725
48384 1126 1177
18548 1127 3599
55264 1127 2578
45594 1128 1623
55065 1128 1265
17907 1129 1451
17963 1129 3599
55333 1131 1369
55588 1131 3599
44800 1133 1295
4825 1133 1516
45436 1134 1482
44386 1135 1151
46253 1135 1268
48556 1135 2124
41083 1136 1440
47149 1137 1399
47206 1138 1240
48901 1138 1314
38631 1139 1189
55587 1139 3599
66921 1139 1241
46485 1140 2003
37191 1141 2168
40914 1141 1317
41168 1141 1461
43796 1141 1309
43879 1141 1191
37522 1142 1361
24527 1143 1494
47733 1143 1426
49122 1143 1837
31611 1144 1342
40062 1144 1336
55871 1144 1454
42409 1145 1400
46463 1146 1313
24311 1147 1198
48038 1147 1271
55589 1147 1514
41057 1148 1374
60400 1149 1397
55553 1150 2335
12987 1151 1319
36998 1151 1212
45575 1151 1324
48972 1151 1381
36991 1152 1591
45189 1152 1303
66965 1152 1337
39404 1153 1599
47921 1153 1326
58467 1153 1321
36542 1154 1518
45342 1154 1424
47211 1155 2011
47774 1155 1242
49385 1155 1429
50755 1155 1430
76208 1155 1561
59307 1156 1341
27935 1157 3599
46880 1157 1337
48691 1157 1245
46581 1158 1247
59091 1158 1317
58429 1159 1940
12215 1160 1302
41172 1160 3599
44684 1160 1420
49319 1160 1339
13004 1161 1389
78127 1161 1332
46556 1162 1249
48050 1162 1217
49474 1162 1332
55257 1162 1407
7402 1162 1585
76748 1163 1307
43425 1164 1275
46349 1164 1236
52788 1164 1315
25399 1165 1267
48036 1165 1372
50724 1165 1521
58300 1166 1496
45663 1167 1794
47856 1167 1398
50702 1167 3599
50719 1167 1587
12391 1168 1362
32096 1168 1393
58602 1168 1801
12109 1169 1547
45947 1169 1517
36967 1170 1215
78042 1170 1616
45590 1171 1400
46296 1171 1423
47839 1171 1396
58077 1171 1465
15271 1172 2191
46109 1172 1259
48608 1172 1251
60426 1172 1555
47048 1173 1496
45904 1174 1499
51578 1174 1425
46992 1175 1436
48566 1175 1263
47007 1176 1254
47347 1176 1472
62327 1176 1400
42759 1177 1397
45636 1177 1646
45231 1178 1408
17857 1179 1345
27778 1179 1526
63657 1179 1501
62102 1180 1402
78013 1181 1783
27931 1183 3599
49111 1183 1891
45753 1184 1805
48684 1184 1649
43117 1186 1409
44911 1186 1237
45607 1186 1659
46197 1187 1238
58486 1187 1391
63306 1188 1420
45616 1189 1323
46521 1189 1576
48071 1189 1354
46741 1190 1438
63324 1190 1427
48579 1191 1322
46858 1192 1330
47479 1192 1529
30043 1193 1864
63596 1193 1390
45723 1194 1807
47954 1195 1328
46147 1196 1333
48017 1196 1252
52934 1196 1707
47710 1198 1575
55855 1198 3599
62792 1198 1478
44609 1199 1415
53206 1199 1487
37222 1200 2322
46007 1200 1298
55357 1200 3599
47899 1201 1382
28630 1202 3599
47943 1202 1472
62166 1202 1432
18019 1203 3599
38879 1205 1410
46402 1205 1367
55765 1206 1342
28641 1207 3599
30032 1207 1529
44094 1207 3599
45283 1207 1427
47280 1207 1830
60840 1207 1694
55423 1208 3599
46419 1209 1257
27942 1210 3599
43056 1212 1413
45442 1212 1468
47162 1212 1580
47960 1213 1474
43060 1214 1411
17908 1215 3599
54383 1215 1354
44356 1216 1230
46195 1217 1293
47376 1217 1487
55270 1217 3599
46888 1218 1404
63283 1219 1409
45844 1220 1406
47030 1222 1475
40782 1223 1427
46169 1223 1368
55291 1223 1583
27972 1224 3599
46733 1225 1559
43141 1226 1417
48519 1226 1389
61531 1226 1443
62121 1226 1502
45692 1227 1614
45911 1227 1341
49351 1227 1339
36421 1228 1501
45308 1228 1317
55138 1228 1339
46105 1229 1491
48018 1229 1403
45185 1230 1400
22877 1231 3599
49200 1231 1274
35272 1232 1394
46486 1232 1582
46966 1232 1397
49214 1232 1299
54760 1234 3599
33889 1235 1411
47138 1235 1487
47332 1235 2257
55388 1235 1503
60961 1235 1503
44225 1236 1375
60830 1236 1398
40401 1237 1419
43908 1237 2329
48146 1237 1529
45086 1238 1257
35235 1239 1409
49182 1240 1977
29963 1241 1252
60988 1241 1571
28604 1242 3599
38602 1242 1284
60782 1242 3599
47563 1243 1428
46652 1244 1298
46935 1244 1477
55091 1244 1427
55864 1244 3599
58411 1245 1553
7381 1245 1613
25912 1246 1526
30046 1247 1684
51868 1247 1427
35325 1248 1832
48203 1248 1304
42706 1249 1500
58076 1249 1578
63314 1249 1515
46628 1250 1480
43373 1251 1498
47237 1252 1569
47433 1252 1739
49346 1252 2120
11989 1253 1421
35329 1253 3599
27947 1254 3599
45230 1254 1418
58332 1254 1786
12362 1255 1685
49166 1256 1671
47533 1257 1584
48589 1257 1495
78058 1257 1397
15282 1259 2591
17946 1259 3599
48804 1259 1574
48814 1259 1508
58336 1259 1427
47064 1261 1492
58111 1261 1387
48997 1262 1511
45449 1263 1669
7400 1264 1713
69713 1265 3599
27995 1266 1582
38921 1266 1840
48787 1266 1576
56228 1266 1361
58283 1266 1693
27896 1267 3599
42846 1267 1316
47401 1267 1484
59292 1267 1424
47940 1268 1339
44014 1269 1750
47335 1269 2538
48767 1269 1517
55542 1269 3599
58317 1269 1486
49284 1270 1904
63299 1270 1505
22857 1271 3599
47154 1271 2095
47474 1272 1906
48961 1272 1519
61909 1272 1431
17934 1273 3094
41036 1273 1497
47841 1273 1912
49388 1273 1494
48357 1274 1346
58388 1274 1506
35288 1275 1500
46615 1275 1489
62637 1275 1328
69673 1275 3599
43925 1276 1882
55467 1276 3599
27824 1277 1430
47373 1277 2325
49246 1277 1986
58410 1277 1489
69728 1277 3599
46213 1278 1379
28087 1279 3599
3665 1279 1414
44917 1279 1400
45211 1279 1486
58381 1279 1714
45667 1280 2030
52731 1281 1418
73701 1281 1806
28084 1282 3599
46501 1282 1350
48365 1282 1626
58338 1282 1588
12379 1283 1807
47080 1284 1523
61924 1284 1487
62856 1284 1492
33998 1286 1804
38493 1286 1319
44714 1286 1447
48220 1286 1339
48419 1286 1352
54250 1286 1362
55084 1286 1435
7684 1286 1373
73524 1287 1636
23589 1288 1516
43842 1288 1321
47192 1288 1670
55794 1288 1364
62791 1288 1557
66890 1288 1407
34337 1289 1800
44868 1289 1324
44131 1291 3599
44936 1291 1326
60829 1291 1646
15284 1293 1328
31838 1293 1620
45688 1293 1910
43851 1295 1330
69646 1295 3599
48859 1296 2339
64840 1296 1319
48981 1297 1665
41590 1298 1509
47050 1298 1636
49438 1299 1673
36538 1300 1600
43927 1301 1766
45646 1302 1355
47333 1302 2031
54977 1303 1443
43122 1304 1507
45757 1304 1785
46696 1304 2691
62321 1304 1518
46362 1305 2000
43116 1306 1508
45810 1306 1508
47009 1306 1675
45770 1307 1365
46855 1307 1493
52927 1307 1554
42773 1308 1488
45454 1308 1667
4601 1308 1496
53735 1308 1523
62596 1308 1365
45945 1309 2359
48903 1309 2956
40778 1310 1512
43753 1310 1335
9972 1310 3599
34755 1312 1376
4704 1312 1465
47133 1312 1570
46220 1314 1400
63409 1314 1444
48504 1315 2386
62832 1315 1718
60853 1316 3599
43933 1317 1489
55344 1317 1670
46737 1319 1668
46271 1320 1452
47152 1321 1531
45481 1322 1422
48279 1323 1849
49305 1323 2604
47356 1324 1574
49256 1324 1795
45755 1325 3599
47904 1328 1705
45644 1329 1899
49347 1330 1504
42872 1331 1603
27749 1332 1446
43156 1333 1515
42407 1334 1542
12116 1335 1477
46156 1335 1655
46850 1335 1559
47250 1335 1578
47367 1335 1539
33711 1336 1584
58373 1336 2035
11969 1338 1487
12207 1338 1511
35313 1338 1590
36868 1338 1595
44898 1338 1368
47156 1338 1426
7342 1339 1352
45592 1341 1669
58327 1341 1659
45542 1342 1510
42848 1343 1593
46567 1343 1427
58469 1343 1722
44927 1344 1467
46545 1344 1512
23586 1345 1515
48300 1345 1462
58321 1345 1475
46575 1346 1514
48391 1346 1820
48517 1346 1436
56807 1347 1812
45797 1348 2086
47627 1348 1584
49139 1349 1616
45186 1350 1513
59287 1350 1572
48010 1351 1614
44764 1352 1390
48667 1352 1429
51900 1352 1582
12091 1353 1493
49060 1354 1945
58650 1354 1563
62809 1354 1503
46730 1355 1656
55228 1356 1518
63286 1357 1720
12985 1358 1586
63295 1359 1738
12163 1360 1571
43911 1360 1634
47526 1360 2161
45597 1362 1513
47855 1362 1671
52231 1362 1629
48278 1363 1471
78011 1363 1732
12138 1365 1745
42707 1365 1685
44224 1365 1569
30011 1367 1377
45591 1367 1813
46287 1367 1815
48258 1367 2254
46845 1368 1672
45475 1369 1817
7325 1369 1379
39410 1371 1421
44035 1371 1920
57173 1371 1988
46754 1373 1611
47668 1373 1590
55801 1373 1448
64917 1373 1783
39377 1374 1424
41289 1374 1565
30062 1375 1789
60832 1375 1573
32100 1377 1746
50706 1377 2098
24333 1378 1811
47406 1378 1989
41273 1379 1725
45399 1379 1689
47524 1379 1670
31642 1380 1467
35423 1380 1993
70308 1380 2941
31387 1381 1801
42632 1381 1698
46208 1381 1471
27976 1382 3599
48902 1382 1764
24400 1383 1802
31847 1383 1736
41216 1383 1575
45495 1383 1442
46811 1384 1763
47065 1384 1852
55261 1384 3599
47167 1385 1764
47831 1385 1847
17868 1386 1587
47653 1387 3599
48210 1387 1604
51899 1387 1622
42700 1388 1679
66955 1388 2441
69572 1388 1521
36580 1389 1696
40844 1389 1591
55704 1390 1451
55725 1390 3031
68070 1390 1730
27816 1391 1523
44711 1391 1692
49244 1391 1429
43990 1392 1426
17873 1393 1687
44692 1393 1679
52997 1393 1724
61522 1393 1985
44977 1394 1587
48821 1394 1619
40503 1395 1731
42888 1395 1687
44059 1395 1428
46434 1395 1747
47496 1395 1901
39428 1396 1431
48316 1396 1995
63647 1397 1631
48879 1398 1845
38944 1399 2703
49187 1399 1961
36963 1400 1453
44126 1401 1567
51924 1401 1615
44720 1402 1677
47744 1403 1843
49142 1404 2001
49165 1404 1504
31831 1405 1705
7354 1405 1432
27727 1406 1503
47015 1406 1584
47947 1406 2514
48587 1407 1597
49018 1409 1797
55092 1409 1696
46084 1410 1612
47504 1410 1692
62741 1410 1465
66929 1410 2528
48548 1411 1766
41288 1412 1604
48182 1413 2984
48807 1413 1837
46538 1414 1510
48539 1414 1902
48819 1414 3599
55558 1414 1799
43873 1415 1585
48249 1415 1773
4624 1416 1781
41529 1417 1730
45276 1417 1604
48372 1417 1595
62825 1417 3599
40791 1419 1659
40939 1419 1674
43345 1420 1681
46112 1420 1946
46807 1420 1531
46874 1420 1608
62111 1421 1608
66954 1421 3599
77914 1421 1733
37508 1422 1622
46919 1423 1668
42370 1424 1735
47159 1424 1700
46066 1426 1777
77933 1426 1656
12291 1427 1566
45223 1427 1618
69594 1428 1585
3535 1429 1792
59174 1429 1569
26013 1430 1643
42702 1431 1694
46008 1431 1769
12228 1432 1651
48134 1433 1997
43899 1434 1458
47151 1435 1626
47342 1435 3599
48954 1435 1767
62311 1435 1663
78392 1435 1993
69513 1436 1702
46144 1437 1511
47220 1437 1594
48766 1437 1746
43142 1438 1620
47228 1438 1801
76727 1438 1663
55728 1439 1519
48346 1440 1715
48353 1440 1598
48358 1440 1660
58506 1440 1569
62863 1440 1912
44023 1441 2222
46795 1441 1458
45778 1442 1855
48088 1442 2178
48174 1442 1731
48825 1442 1670
18025 1443 1788
43104 1444 1610
44111 1444 1480
48897 1444 3599
58382 1444 1649
30918 1445 1691
48070 1445 3599
69471 1445 1815
41286 1446 3599
47006 1447 1661
17974 1448 1841
47659 1448 1667
12406 1449 2005
25650 1450 1978
45254 1450 1648
58328 1450 1682
46129 1451 1663
26200 1452 2070
61922 1452 1687
46315 1453 1513
52943 1453 1610
12175 1454 2787
69679 1455 3599
12117 1456 1658
28065 1456 1724
46534 1456 1685
48489 1456 1941
43999 1457 1867
42900 1458 1754
47197 1458 1950
49444 1458 2384
45359 1459 1745
55480 1459 1726
55769 1459 1526
69494 1459 2186
46036 1460 1932
70114 1460 1787
49322 1461 1695
38887 1462 1473
48812 1462 2853
41279 1463 1938
47873 1463 3599
44524 1464 1709
69726 1464 3018
23738 1465 1807
31823 1465 2656
42893 1465 1780
47895 1465 1673
26198 1466 1809
41051 1466 1727
44399 1466 1667
45220 1466 1633
47601 1466 3599
9945 1466 1879
41087 1467 1866
62678 1467 1515
62761 1467 3599
26193 1468 1812
49121 1468 2016
60956 1468 1652
25802 1469 2042
30239 1469 1642
31827 1469 1741
47703 1469 1715
47853 1469 1848
48451 1469 1942
69678 1469 3599
40491 1470 1636
48377 1470 1675
45510 1471 1847
52978 1471 1715
55873 1471 2070
63364 1471 1640
45180 1472 1720
41264 1473 1735
47845 1473 1851
48698 1473 1697
69457 1473 3018
69689 1473 2185
55500 1474 1988
45814 1475 1513
46869 1475 1935
54248 1476 1600
55254 1476 3416
62607 1476 1482
41270 1478 1905
48905 1478 1930
55594 1478 1916
44848 1479 1563
69664 1479 3085
54832 1480 2029
45826 1481 1962
31886 1482 1743
42806 1482 1668
44065 1482 2236
48218 1482 1541
55869 1482 1869
60969 1482 2013
26194 1483 2072
44960 1483 1528
69293 1483 3123
45251 1484 1650
42924 1485 1507
45343 1485 1530
46032 1485 1748
54773 1485 2556
70108 1486 3117
43903 1487 1552
29930 1488 1678
47445 1488 3276
56235 1488 3117
1643 1490 1957
30034 1490 1824
55175 1490 1867
55608 1491 3113
62585 1491 1540
44047 1492 1629
47244 1492 1523
69589 1492 1917
41515 1493 1740
55069 1493 3457
24277 1494 1541
69490 1494 2164
41488 1495 1718
44048 1496 1951
45744 1496 2034
69811 1496 3145
27878 1497 1993
32104 1497 1740
48988 1497 2024
18576 1498 2852
25903 1498 2598
38992 1498 1631
41045 1500 3412
47383 1501 3569
47608 1502 2148
48363 1502 2278
31857 1503 1826
44681 1503 1772
44577 1504 1708
43932 1507 1954
47451 1507 2045
69476 1507 2055
42683 1508 1848
55867 1508 3599
40069 1509 1696
46016 1509 3599
42641 1511 1774
43948 1512 2869
48240 1512 2248
40102 1513 1698
44628 1513 1714
47537 1513 1790
58312 1513 1744
46015 1514 2485
48267 1514 1917
23714 1515 1742
43201 1515 1719
41032 1516 1746
45840 1516 1792
46459 1516 1939
48957 1516 1760
46750 1517 3599
47454 1517 2807
23710 1518 1744
49131 1518 2366
49261 1518 3599
46757 1519 2059
48045 1519 1730
78060 1519 1755
47160 1520 1761
57701 1520 1758
73473 1521 1770
76356 1521 2009
44949 1522 1671
47644 1522 2152
48881 1522 1762
55148 1523 3599
58615 1523 1720
43688 1524 1540
55203 1524 1922
60779 1524 1672
48884 1525 2019
58395 1525 3551
42757 1526 1671
55437 1526 1910
55477 1526 3599
59284 1527 1660
43333 1528 1861
42845 1530 1558
48526 1530 2024
71205 1530 1962
46576 1531 1759
47117 1531 2031
49264 1531 1959
59160 1531 1766
38667 1532 1542
56785 1532 1933
42859 1533 1560
47413 1534 2862
12965 1535 1665
57161 1536 2357
48571 1537 1696
48209 1538 1740
78022 1538 3516
13008 1539 1746
24307 1539 1618
46042 1539 2032
42638 1540 1857
48039 1540 1648
46774 1541 1758
13152 1542 2241
15248 1542 1581
43918 1542 1905
49065 1542 1758
43408 1544 1760
12143 1545 3584
78001 1545 2099
13150 1547 2017
49936 1548 3599
46644 1549 2120
50652 1550 1965
44887 1551 1583
46014 1552 1760
47573 1552 2060
71193 1552 2139
62763 1553 2141
62897 1553 1856
46154 1554 2032
47934 1555 2010
31833 1556 1806
48679 1556 2038
46322 1557 1829
46681 1557 3026
48898 1557 2819
49103 1557 2356
63388 1557 1716
42873 1559 1859
46617 1559 1707
60837 1559 3599
46221 1561 2723
48762 1561 2036
34348 1563 2229
47233 1563 1705
48212 1563 3599
42689 1564 1876
43370 1564 1863
46512 1564 1717
47125 1564 2031
47469 1564 1894
63405 1565 1722
3539 1566 3599
42629 1566 1866
38922 1567 3599
40065 1567 2170
46516 1567 1719
49101 1567 1840
38940 1568 2555
24317 1569 1858
48551 1569 1714
40931 1570 1623
47984 1570 2793
48163 1571 2254
9951 1572 3599
38759 1573 1582
43881 1574 1605
38718 1575 1765
49049 1575 3599
39373 1576 1729
37183 1577 2003
43350 1577 1608
46514 1578 2020
40960 1579 1640
45287 1579 1746
47734 1579 1882
47834 1579 2044
41269 1580 1802
49016 1581 1885
54794 1582 1712
30051 1583 1728
36577 1585 1868
47386 1586 3599
37510 1587 1629
47992 1587 1888
62602 1588 1606
45604 1589 1778
24285 1590 1776
44507 1590 1755
44737 1591 1632
46483 1591 1841
46777 1591 1896
45260 1592 1755
67116 1592 1950
35247 1594 1643
45285 1594 1748
46075 1594 1718
46571 1594 1775
15315 1595 2701
25835 1596 1924
30024 1596 3599
45879 1597 2021
46602 1597 1790
47024 1597 1899
49089 1597 1858
40790 1598 1776
52672 1598 1701
48716 1599 1850
46482 1600 1839
47929 1600 2022
49151 1600 1788
41034 1601 1803
48968 1601 1990
62654 1601 1756
45465 1602 1847
41499 1604 1827
45716 1604 1654
38780 1605 1613
43985 1605 2557
46204 1605 1718
46318 1605 1765
46701 1605 2372
15287 1606 1634
44122 1607 2075
46151 1607 2948
44876 1608 1637
49307 1608 2038
35111 1610 2341
27916 1611 3075
47274 1611 1911
47687 1611 1834
42647 1612 1865
46055 1613 1835
56792 1613 1758
45178 1614 1835
45585 1614 2036
49177 1615 3022
56802 1615 2961
62385 1615 1665
42380 1618 1860
58440 1618 2216
46915 1619 1855
58305 1619 2021
69560 1619 1986
46043 1620 1887
49033 1621 1926
60716 1621 1844
62325 1621 1856
45946 1622 1970
47002 1622 1891
48136 1622 1669
50672 1623 2217
59152 1623 1762
46449 1624 2109
55430 1625 2989
59802 1625 2015
43094 1626 1813
44686 1627 1956
56782 1627 1998
47824 1629 2042
55846 1630 3131
60724 1630 3599
59156 1631 1849
38998 1632 3155
45553 1632 3599
48687 1633 1685
56855 1633 2255
58641 1633 2314
43952 1634 3599
45566 1634 2113
46613 1634 1964
45638 1635 1688
76211 1635 2029
37414 1636 1956
42975 1636 1706
46013 1636 2154
47412 1636 3599
47492 1636 3599
60420 1637 2358
7632 1637 2013
45376 1638 1952
47577 1638 3599
51911 1638 1788
44674 1639 1685
47041 1639 2043
55020 1639 1718
62312 1639 1790
47134 1640 1691
27907 1641 3599
43819 1643 1688
24287 1644 1691
42665 1644 1954
52946 1644 1992
37466 1646 1690
43095 1646 1833
55534 1646 3254
44683 1647 1803
7687 1647 1796
62850 1649 1840
31771 1650 1699
45487 1650 2112
45668 1651 3489
38958 1653 1971
44742 1653 1692
47329 1653 3599
45738 1655 2366
47340 1655 2377
62855 1655 2218
49036 1656 2072
68010 1656 1664
45709 1657 1712
64908 1657 1890
62604 1659 1701
28619 1660 3306
43563 1660 1681
44753 1660 1695
49136 1660 3599
43162 1661 1823
48019 1663 3599
55552 1663 3309
55407 1664 2137
44726 1665 1952
47679 1665 2101
47821 1667 2289
62895 1668 3145
44601 1669 1834
47665 1669 2282
44133 1670 1814
45891 1670 1850
14844 1671 1889
41175 1671 3140
42686 1671 2039
47131 1671 1966
40205 1672 1875
45785 1672 1870
46674 1672 2368
42969 1673 1689
44024 1673 2092
45477 1673 1969
45714 1674 1874
46089 1674 2076
47480 1674 3599
15188 1675 1685
46446 1675 1729
47481 1675 3599
49425 1675 1973
22633 1676 1891
39355 1676 2034
47554 1676 3599
46170 1677 1746
46288 1677 2009
37461 1678 2041
47809 1678 3599
48104 1678 1975
48873 1680 2105
55062 1680 1774
40975 1681 1887
55853 1683 3599
39900 1684 1715
46469 1685 2148
47697 1685 1853
47848 1685 2790
62806 1685 3599
35112 1686 1878
40834 1686 1883
68296 1686 1716
46504 1687 1853
41519 1688 1945
43453 1688 1873
41241 1689 1925
42850 1689 1718
48584 1690 1772
47759 1693 2150
45645 1694 2376
48823 1694 1848
44250 1695 1867
45931 1695 2150
46665 1696 2649
46409 1697 1754
46865 1698 1932
46164 1699 2208
47941 1699 3599
35252 1700 1725
39450 1700 1741
46106 1700 2639
47248 1700 1778
69799 1701 2074
49370 1702 2205
62867 1702 3599
64953 1702 3599
66956 1702 2856
73515 1702 2771
31606 1704 1876
46535 1704 2205
55596 1704 2887
48348 1705 1861
45045 1707 1728
46632 1707 1888
48724 1707 1980
63301 1707 1926
18573 1708 3434
48105 1708 2637
44072 1709 3599
31609 1710 1969
45731 1710 1933
45813 1710 1920
46607 1712 2395
55049 1712 1786
46857 1713 1942
69702 1713 3599
45937 1714 1940
25396 1715 2093
43883 1715 1856
44050 1715 2966
18594 1716 2343
23724 1716 1930
43843 1716 1743
46767 1716 3599
47350 1716 1926
48330 1716 3599
48949 1716 2034
46671 1717 2376
46675 1718 3599
47225 1718 2328
52947 1718 3330
47796 1719 2613
45382 1720 1747
47176 1720 2134
69765 1721 2340
38613 1722 1749
17843 1723 1968
55271 1725 3090
52981 1726 3599
55527 1726 2176
50537 1727 1958
24923 1728 1968
47588 1728 2714
30016 1729 1738
45161 1729 1797
47699 1729 1945
70142 1729 2181
46049 1730 2191
43179 1731 1933
47924 1731 3599
48619 1731 1944
55354 1731 2298
63302 1731 2031
46693 1732 2215
48542 1732 1812
43684 1733 1750
48597 1733 2136
48749 1734 2397
64961 1734 2115
28124 1735 2345
45413 1737 1894
69686 1737 3538
63386 1738 1894
25949 1739 3599
46356 1739 1821
47488 1739 3126
52982 1740 1998
7441 1740 2960
63308 1742 2028
69475 1742 2247
44046 1743 2891
54373 1743 1805
55672 1743 1808
70152 1744 2697
43987 1745 3599
50750 1745 3570
69545 1745 2220
24053 1746 1842
17830 1747 2156
51877 1748 1959
17872 1749 2158
31860 1750 3599
49133 1750 3312
54299 1750 3219
24379 1751 3599
47489 1751 3599
54385 1751 1875
69504 1751 2417
17940 1753 3599
54994 1754 1872
55537 1754 2856
51882 1756 1961
71199 1756 3599
46166 1757 3314
43547 1760 1781
37145 1761 2084
49054 1761 2795
49386 1761 3318
49143 1762 3413
1591 1763 2227
47224 1764 3599
49350 1764 1948
43454 1765 1785
48953 1766 1964
62352 1767 1849
44643 1769 1931
46588 1770 1954
48282 1771 1817
35282 1772 3599
45529 1772 2490
48407 1772 1978
17922 1774 3599
27997 1774 3599
42303 1775 2019
47728 1776 1966
48816 1776 2223
43872 1777 1807
40398 1779 1960
18556 1782 3599
41534 1783 2037
47640 1783 2181
48885 1783 2017
44381 1785 1939
47368 1785 2713
15242 1787 2793
43374 1787 2133
52937 1787 2009
38825 1788 1794
23734 1789 2044
38967 1790 3112
45356 1790 1828
46752 1790 2013
47460 1790 2185
44448 1791 1992
47424 1791 3599
50492 1791 1960
38683 1793 1799
47594 1794 3599
48530 1794 3599
43394 1795 1809
45620 1795 1867
48558 1795 2228
47819 1797 1870
44347 1801 2045
46135 1801 2279
45426 1802 2118
68309 1803 1832
46005 1804 1871
46365 1804 1849
15308 1806 2807
47417 1806 1864
49281 1808 2193
50727 1808 2306
43949 1810 3599
43988 1810 1833
45457 1810 2203
41027 1811 3599
49381 1811 2034
44718 1812 2040
46753 1813 1893
45374 1815 2114
46230 1816 2046
46031 1817 3599
62858 1817 2170
9895 1818 1867
37033 1820 1902
59804 1823 1878
38495 1824 1856
46302 1824 2053
62894 1825 2513
47304 1826 3599
48307 1826 1874
48424 1826 2036
41039 1827 2300
42894 1827 2123
46736 1827 2284
49028 1827 1959
44115 1828 2188
43884 1831 2130
46503 1832 2294
43968 1833 3599
47183 1834 2487
38745 1836 2037
47073 1836 2307
62861 1836 3599
48157 1837 1898
43989 1838 3407
46587 1838 2591
49460 1838 2216
43227 1839 2048
43976 1841 3087
45280 1841 2050
47535 1841 3599
46619 1842 2224
29965 1843 1848
47624 1843 3599
60710 1844 1897
45761 1845 2162
62316 1845 2027
47378 1847 1902
58665 1847 2300
48364 1848 2582
37505 1850 2057
44129 1850 2190
40944 1852 1902
43827 1852 1882
44003 1852 3092
49240 1852 1924
48309 1853 1907
38945 1854 2892
56799 1854 3240
43099 1855 2039
40089 1858 2052
50721 1858 2567
50462 1860 1867
40916 1861 1904
41550 1861 2062
40893 1862 1999
47140 1862 2244
50579 1862 1868
67136 1862 2128
43202 1864 2062
44661 1864 2126
40083 1865 2054
55243 1865 2101
66383 1865 2091
46731 1867 2288
24038 1868 2056
47308 1868 2209
40080 1869 2058
46088 1869 1920
48996 1869 3599
49257 1869 2763
60686 1869 1915
43926 1870 3094
44125 1870 2257
23726 1871 2188
30022 1872 3599
48568 1872 3558
48683 1872 2233
43857 1874 2128
46304 1874 1935
32109 1877 2073
46979 1878 1955
55459 1878 3020
42704 1879 2126
27915 1880 2700
69709 1880 3531
42927 1881 2017
43100 1881 2041
46561 1881 2246
46308 1882 1937
47584 1882 3599
45671 1883 2813
46593 1883 2069
69461 1883 2613
17866 1885 2863
35234 1885 1943
45802 1885 2816
46391 1885 1939
43801 1886 2130
46448 1886 2045
47735 1886 3599
55857 1886 3599
56282 1886 3202
69628 1887 2332
48629 1888 2080
55352 1888 2308
59280 1888 2030
58562 1889 2760
63305 1889 2122
25948 1890 2234
46861 1890 2058
43809 1892 1931
46222 1892 2051
76276 1892 2021
44817 1894 1932
47490 1894 3599
61383 1894 2034
70048 1894 3390
52931 1895 3599
43133 1896 2043
46453 1896 1943
60791 1896 2295
48686 1897 2309
48845 1897 2114
12136 1898 2035
44276 1898 1931
46457 1898 3599
47051 1898 2290
52694 1898 2136
76243 1898 2297
45482 1899 2054
47700 1899 2341
49086 1899 2818
55764 1899 3481
42849 1900 1962
49303 1901 2453
43947 1902 2226
44647 1903 2172
46878 1903 2316
46899 1903 2116
48098 1903 2771
70143 1903 2419
49418 1904 2592
54272 1904 3572
12190 1905 3599
27922 1905 2238
44630 1906 2093
58364 1906 2593
28640 1907 3599
44588 1907 2228
49392 1907 1959
56769 1907 3599
42692 1908 2213
60828 1908 3599
69677 1908 3599
62722 1909 1967
44662 1910 2209
45683 1910 2807
56827 1910 2052
69783 1910 2871
45474 1911 2050
55829 1911 3441
7392 1913 2475
43866 1914 1965
69697 1914 3361
30042 1916 2962
50696 1916 2422
55452 1916 3599
39400 1917 1967
53871 1917 2190
7397 1917 3599
1600 1918 2366
17925 1918 2171
55880 1918 3599
70125 1918 2868
46345 1919 1989
63379 1920 2976
64883 1920 2138
47925 1921 2385
48268 1921 2843
49127 1921 2330
66962 1921 3599
49884 1922 2195
55248 1922 2310
7421 1922 3586
45493 1923 2326
54775 1923 2407
28118 1924 3599
54241 1925 3129
69637 1925 3599
23585 1926 2059
70128 1926 3564
47387 1927 2227
71177 1927 2415
55033 1928 2621
44938 1929 1969
55571 1929 3599
40780 1930 2837
44556 1930 3095
55301 1930 3599
25655 1931 3150
41071 1931 2510
43019 1931 2121
44146 1931 2199
48233 1931 3599
42748 1932 2124
43775 1932 1971
46218 1932 2750
63391 1932 2347
69466 1932 2721
43938 1933 2282
45631 1933 2116
41527 1934 3270
45292 1934 2095
46044 1934 2151
46689 1934 2970
55359 1934 3599
63362 1934 2349
51871 1935 2110
55347 1935 3599
43871 1936 1974
44430 1936 1955
46126 1936 2073
52847 1936 3599
55109 1936 2459
44750 1937 1976
46292 1937 3599
47708 1937 2382
55302 1937 3599
63292 1937 2196
23712 1938 2192
45361 1938 2218
55625 1938 3306
46063 1939 2300
47003 1939 2124
55096 1939 2875
45762 1940 3599
46358 1940 2175
67101 1940 2219
46773 1941 2303
49302 1941 2640
52853 1941 2662
68786 1941 3570
30029 1942 2439
31819 1942 2062
55528 1942 3102
66972 1942 2421
24525 1943 2447
32641 1943 2193
49041 1944 3109
55316 1944 3513
64936 1944 2478
31628 1945 2022
24349 1946 2327
47235 1946 2133
64967 1946 2524
18017 1947 2164
31775 1948 2017
45796 1948 3106
62820 1948 2468
68891 1948 2619
71171 1948 2558
54989 1949 2249
1601 1950 2071
28122 1950 2976
45720 1950 3599
47888 1950 2045
15663 1951 1978
44400 1951 2207
30019 1952 2543
31785 1952 2021
48613 1952 2139
55192 1952 2385
45754 1953 3248
46904 1953 3599
38941 1954 1981
40093 1954 2135
45518 1954 2141
48043 1954 3599
50677 1954 2467
46732 1955 3184
48934 1955 2151
64808 1956 2140
46484 1957 2196
42799 1958 2113
45993 1958 2656
46359 1958 2180
69270 1958 3582
46142 1959 2290
46559 1959 2050
40064 1960 2146
43419 1960 1993
55230 1960 2451
48369 1961 2209
47815 1962 2420
54997 1962 3599
44652 1963 2198
46510 1964 3599
48883 1964 2215
44883 1968 2133
47166 1968 2055
49232 1968 3599
47165 1969 2057
47712 1969 2195
44106 1970 2672
43157 1971 2199
47983 1971 2059
45848 1972 2102
48920 1972 2217
46921 1974 3599
48338 1974 2100
55011 1974 2251
48871 1975 2219
55413 1975 3599
45717 1976 2043
48726 1976 2211
43086 1977 2201
47230 1977 2061
54379 1977 2532
38475 1978 2312
44990 1978 2059
12189 1981 3599
46566 1982 2156
48184 1982 3599
47550 1983 2622
47040 1984 2471
32647 1986 2197
47355 1987 3599
47927 1988 2063
45869 1989 2321
48958 1989 3599
40905 1990 2019
47680 1990 3599
30031 1991 2517
40867 1992 2035
44511 1994 2204
42353 1995 2039
49135 1998 3168
33859 1999 2045
46932 1999 2393
48395 2000 2217
43189 2001 2203
47951 2001 2379
61920 2002 2235
46522 2003 2473
47410 2003 3599
47534 2004 3338
44612 2005 2634
45758 2007 2059
47781 2007 2064
62812 2007 2962
68285 2007 2033
46003 2009 3599
43977 2010 3599
46743 2011 3599
62781 2011 2461
31849 2012 2468
48659 2012 2220
52875 2012 2641
62818 2013 2494
1619 2014 3599
43337 2014 2314
48851 2014 2873
45485 2016 2224
61516 2016 2067
71372 2016 2351
46871 2017 2416
42774 2018 2154
47008 2018 2476
52848 2018 2516
46972 2019 2071
49051 2019 3290
49456 2020 2496
44034 2022 2949
18004 2026 3599
43377 2026 2297
48200 2027 2267
27917 2029 2444
47507 2029 2101
49339 2029 2597
42959 2030 2130
50675 2030 2576
53230 2034 2266
67140 2034 2062
47232 2037 2569
24929 2038 2227
62757 2038 3530
45822 2039 2418
47756 2040 3599
53000 2040 2518
45525 2041 2498
49407 2043 2599
31647 2044 2108
66933 2045 2501
43898 2046 2293
48339 2046 2499
48992 2046 2489
48423 2047 2473
49145 2048 3599
45765 2049 2570
47194 2049 2530
44634 2050 2205
45930 2050 2582
46039 2050 3599
49168 2050 3160
45975 2051 2610
43880 2052 2211
47219 2052 2344
62756 2052 2178
43497 2053 2223
46716 2053 2499
48478 2053 2302
29980 2054 2221
48049 2054 3599
44897 2056 2458
47716 2057 3599
29962 2058 2223
43543 2058 2164
43813 2058 2090
45988 2058 2827
49408 2059 2439
49465 2059 2672
67144 2060 2176
39423 2062 2185
48562 2062 2347
48809 2062 3599
43834 2064 2200
23706 2065 2295
41518 2065 2265
46724 2065 2501
64878 2065 2227
48189 2066 2626
45865 2067 2291
40095 2068 2230
45658 2070 2114
42320 2071 2297
55696 2071 3599
48983 2072 3599
62732 2072 2105
48633 2073 2497
44687 2074 2391
24304 2075 2230
46555 2075 2503
44563 2076 2202
24350 2078 2255
62815 2078 2642
43197 2080 2206
43181 2082 2271
47622 2082 2925
54247 2082 2252
49378 2083 2152
46974 2084 2303
31821 2085 2350
46076 2085 2334
42627 2086 2412
43784 2087 2337
52763 2087 2222
50525 2088 2104
32548 2089 2296
43439 2089 2298
44076 2093 2590
62685 2094 2155
28038 2095 3599
45548 2096 2154
47542 2098 2504
24371 2099 3284
31274 2100 2244
48041 2100 2194
58430 2100 2943
45279 2101 2270
49398 2101 2659
53007 2101 3195
62842 2101 2893
48971 2102 2284
55119 2102 2455
27887 2104 2457
46654 2104 2163
32106 2106 2370
45696 2106 3265
43347 2108 2402
45423 2108 2413
46961 2108 2296
47416 2108 3326
52206 2108 2404
43840 2109 2402
43859 2111 2188
39393 2113 2190
44666 2113 2387
52748 2117 2307
30023 2119 2250
37430 2119 2398
48590 2119 2308
49113 2120 3267
37208 2121 2543
48935 2121 2305
42912 2122 2396
43935 2122 2192
47031 2122 2502
47905 2122 2160
49073 2123 2318
62147 2124 2631
38981 2126 2453
46267 2127 3599
49441 2127 2311
62821 2129 2352
44670 2130 2399
60679 2133 2243
47973 2134 3599
48076 2135 2260
62160 2136 2406
45492 2137 2382
45680 2138 3331
47498 2138 3446
48015 2138 2200
52950 2138 3599
48642 2139 2316
48982 2142 2383
48661 2144 2318
35975 2145 2245
43785 2145 2326
55463 2147 2858
46763 2150 2200
61532 2150 2317
70126 2150 2570
45400 2151 2414
42671 2152 2404
25840 2154 2460
54295 2154 3599
17984 2155 3599
36459 2155 2408
45923 2157 2504
48465 2157 2558
47514 2158 3416
48853 2158 2227
63606 2158 2397
55389 2160 3599
54964 2161 3599
7389 2161 2670
43124 2162 2366
49397 2162 2558
42655 2164 2488
46544 2164 2510
48040 2167 2398
48715 2171 2560
47044 2172 2401
62699 2172 2248
46970 2174 2233
52793 2174 2183
18572 2176 3599
43466 2176 2309
63656 2176 2276
45878 2177 2235
55236 2178 2646
42668 2179 2409
44383 2179 2270
43077 2181 2373
46635 2181 2765
55548 2181 2994
41582 2182 2311
67155 2182 2449
49161 2183 2230
62139 2184 2716
37509 2185 2552
47128 2185 3120
47202 2185 2483
43055 2186 2381
44728 2186 2490
48532 2186 2703
27888 2187 2487
46029 2187 3375
47172 2187 2349
48973 2187 2237
54260 2188 3599
43942 2189 2706
48055 2189 2236
49373 2190 2758
69635 2190 2513
18563 2192 3599
47111 2192 2351
48928 2192 2647
55005 2192 2264
60845 2192 2312
47036 2194 2727
55381 2194 3599
48447 2196 2345
55247 2196 3599
45907 2197 2844
46664 2197 3352
43835 2198 2455
46098 2198 2585
69649 2198 3599
48452 2199 2843
68885 2199 2623
24041 2201 2387
25995 2201 2881
44747 2201 2494
46303 2201 2431
48527 2201 2569
63328 2201 2476
42688 2203 2491
52948 2203 3599
55000 2203 2625
46653 2204 3355
46740 2204 2483
15302 2205 3599
45435 2205 2493
69478 2205 2678
24293 2206 2404
43544 2207 2290
47267 2207 3599
24037 2208 2420
45759 2208 3436
45830 2208 2352
46793 2208 2651
54389 2208 2884
30917 2209 2403
44051 2209 2568
46270 2209 2272
48800 2210 2485
69591 2210 2572
46320 2212 2445
49405 2212 2422
55202 2212 2607
68075 2212 3599
24284 2213 2317
36548 2214 2492
46509 2215 2661
49156 2215 2269
31617 2216 2422
43046 2217 2380
46975 2218 2851
43799 2219 2576
47614 2219 2525
49331 2219 2483
43788 2221 2563
45614 2221 2475
24927 2222 2496
42657 2222 2570
31607 2223 2421
1594 2224 2360
47980 2224 3341
49021 2225 2587
42901 2226 2578
48895 2226 2873
62633 2226 2406
58473 2227 3599
42670 2228 2571
44752 2228 2575
46698 2231 2443
32110 2232 2764
54991 2232 2323
44792 2233 2563
48788 2234 2653
31608 2235 2420
47397 2238 2376
37473 2239 2578
46350 2239 2449
46680 2239 2302
55041 2241 2324
45916 2242 2364
55016 2242 2341
27507 2243 2326
41015 2245 2964
48699 2245 2429
48828 2246 2649
48911 2246 3599
46673 2247 2562
47472 2248 3469
45979 2250 2650
55015 2250 2347
49070 2251 2577
49365 2251 2937
43371 2252 2581
47196 2252 2657
62862 2252 2644
47271 2253 3299
44578 2254 2385
47218 2254 3207
47013 2255 2663
49017 2256 2654
47066 2260 2750
46604 2261 2316
47753 2263 2743
42842 2264 2561
53003 2266 2670
43135 2267 2407
45365 2268 2577
45519 2268 2740
46060 2268 2494
7379 2268 2646
46052 2269 2736
44121 2270 3599
46017 2270 2493
59281 2270 2487
37001 2271 2598
45857 2272 2488
52941 2272 2453
60762 2273 3599
47797 2274 2495
50666 2274 3199
7399 2274 3599
38918 2276 3003
78028 2276 3599
45422 2277 2594
62774 2278 2869
76194 2278 3566
48531 2279 2495
11996 2280 2491
48003 2280 2352
62771 2281 3599
42709 2282 2593
77909 2282 2487
35241 2283 2320
48161 2283 2491
63365 2283 2793
39369 2284 2788
48256 2284 2470
52236 2284 3599
57908 2284 2491
58387 2285 2615
46881 2286 2653
58325 2286 2632
27903 2287 3599
42854 2288 2601
43892 2288 2561
47500 2288 3599
47327 2290 2697
44717 2291 2792
62616 2291 2325
41110 2292 2827
44900 2292 2688
38954 2294 3415
62843 2294 2470
62854 2295 3559
15283 2296 3599
48561 2296 2509
44833 2298 2688
48275 2298 2370
49253 2298 2505
68085 2298 3510
43815 2300 2696
46300 2300 2563
62831 2300 2475
30928 2301 2479
48567 2301 2665
48640 2301 3125
44555 2302 3272
46536 2302 3131
24036 2303 2476
45959 2303 3599
44004 2304 2692
23583 2305 2483
43144 2306 2490
43950 2306 3599
44759 2306 2694
46969 2306 2335
45990 2307 3599
61912 2307 2489
66975 2308 2677
68312 2308 2699
26205 2309 3599
48761 2309 3599
63669 2309 2520
68291 2310 2701
52213 2311 2512
55265 2311 3599
48373 2312 2760
55436 2312 3599
32542 2313 2503
64934 2314 2751
52230 2315 2524
55013 2316 3599
32098 2317 2581
52803 2319 2491
42716 2321 2486
44425 2321 3599
48876 2321 3599
45194 2322 2494
45562 2322 2589
69590 2327 2690
46385 2328 2383
48147 2329 3599
46231 2330 2378
69633 2330 2596
47495 2332 2733
47583 2333 3507
44060 2336 2752
46113 2336 3599
49138 2336 2385
47776 2337 2593
47569 2338 3599
71184 2338 3341
42895 2339 2597
38996 2340 2674
45648 2340 2752
46351 2342 2668
47625 2342 2820
43946 2343 3599
44148 2343 2375
47221 2344 2748
46199 2346 2387
48808 2347 2642
49068 2347 2842
47693 2348 3438
48673 2350 2403
40989 2352 3599
44132 2352 2462
44782 2355 2762
54990 2357 2417
45380 2358 2603
30065 2360 2717
48623 2361 2747
52844 2362 3599
70326 2362 3599
42695 2364 2766
48927 2364 2742
45996 2369 3447
48731 2369 2752
69456 2369 3599
44727 2370 2667
49076 2372 3440
49032 2374 3200
46493 2375 2643
45193 2376 2583
55019 2377 2808
55266 2378 3599
45427 2379 2674
69662 2379 3599
62836 2381 2564
47866 2383 3599
49369 2383 2415
62143 2383 2579
70115 2383 3599
62131 2385 3599
48756 2387 2595
48193 2388 2535
59238 2388 3399
54787 2389 3599
45452 2392 2750
62874 2392 2737
44398 2393 2877
1641 2394 2779
62358 2395 2420
45511 2396 2593
46326 2396 3280
55370 2396 2648
17806 2397 2633
46184 2397 3413
7413 2399 2566
62881 2401 2719
47438 2402 3599
47758 2402 3599
47972 2402 3443
46541 2403 2648
62770 2403 2710
69265 2403 3599
46944 2404 2753
48491 2404 3222
18012 2405 3568
43924 2405 3599
45471 2406 2781
45674 2406 3445
17903 2407 3599
45978 2407 3383
47719 2407 3599
70140 2407 3599
9937 2408 2674
44525 2409 2591
46182 2409 2486
46210 2409 2558
66970 2409 3599
45183 2410 2592
48681 2410 2783
46269 2411 2487
47611 2411 3599
70131 2411 3599
47487 2412 3075
42406 2414 2601
44151 2414 2879
45632 2414 2493
43594 2415 2430
45393 2415 2763
47428 2415 3599
28115 2416 2973
47148 2416 3599
1648 2417 2723
52211 2418 3520
69834 2418 2979
50708 2419 3599
27852 2420 2669
43366 2421 2670
44755 2421 2681
55224 2422 2671
27854 2423 2730
44766 2423 2678
18003 2424 3599
47900 2424 2496
49071 2425 3443
55094 2425 2674
54950 2427 3599
47101 2428 2837
69463 2429 3599
30035 2430 3599
47751 2430 2499
25789 2431 3599
43024 2431 3180
44644 2432 2597
25807 2433 3599
46528 2433 2840
24288 2434 2463
62810 2436 3599
69459 2436 3082
48111 2437 3404
24296 2438 2464
48283 2439 2549
31368 2440 2684
48014 2440 2539
32089 2442 2704
48408 2443 2755
1575 2444 2781
24922 2444 2690
45490 2445 2753
38884 2446 2464
71135 2447 2680
73464 2447 2538
45973 2451 3504
44123 2452 2783
50756 2452 3439
42640 2454 2759
45461 2454 2839
52969 2456 3268
30233 2457 2975
52999 2457 3599
45557 2458 2668
47574 2458 2896
44920 2459 2706
48272 2459 2506
58474 2459 2490
64949 2459 3599
17993 2460 2874
30052 2460 3496
62859 2460 3027
46162 2461 2757
48449 2461 2663
52659 2461 2651
56815 2462 3599
43639 2463 2480
52808 2463 2692
38943 2464 2855
47766 2464 2731
31871 2466 3599
52924 2466 3400
55190 2466 3352
47590 2467 3393
28075 2468 2981
46702 2468 3599
54245 2469 3599
32546 2470 2687
48921 2470 2743
1942 2471 3599
26203 2471 3155
47161 2471 2672
55004 2473 3332
62124 2473 3343
44723 2474 3148
70121 2475 3581
17855 2477 3104
27991 2477 3599
55376 2478 3521
44660 2479 2761
49389 2479 2515
55835 2479 3376
25985 2480 3109
48444 2480 2774
55434 2480 2818
25935 2481 3599
17834 2482 2851
48000 2482 2517
55576 2482 3599
62796 2482 3599
69654 2483 3599
55225 2484 3153
45898 2485 3221
47088 2486 2785
54818 2486 3599
55817 2486 3599
48801 2487 3599
50670 2487 3569
26017 2488 3253
46092 2488 2621
54978 2488 3599
58456 2488 3404
63321 2488 3091
45748 2490 2885
46785 2491 3239
55636 2491 3599
43367 2493 3209
55377 2493 3599
37474 2494 2776
49239 2494 2541
37464 2495 2768
44031 2495 3599
41119 2496 3599
44954 2496 2849
66158 2496 2764
37249 2498 3599
69510 2498 3599
48938 2502 3599
63666 2502 2615
49218 2503 2594
45366 2505 3297
47120 2505 2675
48234 2506 2650
47966 2508 2860
49262 2510 2562
23590 2511 2690
52188 2511 2707
49341 2512 2839
40510 2514 2706
49022 2514 2828
62323 2514 2675
12366 2515 3412
46227 2515 2757
67998 2516 2522
69801 2516 3317
45985 2517 2824
25805 2518 3599
44287 2518 2609
48977 2518 2915
25786 2520 3030
47032 2520 2705
40922 2521 2556
59306 2521 2645
43675 2522 2625
55178 2522 2936
39914 2524 2709
40891 2524 2558
48179 2524 2708
21045 2525 2846
45451 2525 3599
45526 2526 2691
47794 2527 3081
7410 2528 2887
47555 2529 3296
46277 2530 2881
48077 2530 2581
47385 2531 2564
48827 2531 3599
48397 2533 2853
48778 2533 2831
31836 2534 3599
47737 2534 3599
48755 2534 3215
45839 2535 2855
47163 2535 2843
47894 2536 3516
53734 2536 2688
62657 2537 2682
40845 2538 2675
43956 2538 2626
44839 2538 2868
45958 2538 3599
46149 2538 2925
23718 2539 2709
46404 2539 3274
46686 2539 3599
60979 2539 2593
61541 2539 2754
42672 2540 2846
46993 2541 2928
53876 2541 2796
9771 2541 2743
44715 2543 2845
63372 2544 3150
53216 2546 2804
7302 2546 2767
27904 2547 3599
43980 2547 3599
48490 2547 3227
55188 2547 2876
36539 2548 2850
44543 2548 2719
62603 2548 2582
48668 2549 2770
24035 2550 2747
36429 2550 2852
41536 2550 2753
42356 2550 3486
43963 2550 3599
45847 2550 2607
49342 2550 3229
34339 2551 3417
41107 2551 3599
64956 2551 3397
46610 2552 3307
41129 2554 2836
42856 2554 2855
10088 2555 3421
45020 2555 2628
46125 2555 3272
46838 2555 3599
10072 2556 2755
43617 2556 2602
43992 2556 2909
62125 2556 3599
43125 2560 2688
45530 2560 2917
35306 2561 3599
48069 2562 2607
42787 2563 2749
46895 2563 2739
64903 2563 3599
9923 2563 2770
49034 2564 3599
33996 2565 2813
77990 2565 2737
52897 2567 3393
58577 2567 3480
58480 2569 2820
7385 2569 2855
43054 2570 2800
45818 2570 2923
46020 2570 3224
43356 2571 2851
52909 2571 3599
53211 2573 3599
55294 2577 3599
47613 2578 3599
53244 2578 3030
44733 2579 2850
67985 2579 2973
55793 2580 2693
68293 2580 2872
43885 2582 2834
46295 2582 2785
48464 2582 2934
60758 2582 3156
47654 2583 3599
43798 2584 2986
48023 2584 3599
66613 2585 3157
46475 2586 2835
46527 2586 2864
43814 2587 3183
43939 2587 2859
47300 2587 3599
44112 2588 2877
48402 2588 2835
55469 2589 3599
43998 2591 2771
46198 2591 2713
48869 2592 3599
45619 2593 2865
46778 2594 3599
48164 2595 3421
47800 2597 2829
46609 2600 3476
44117 2601 3599
43793 2603 3246
43208 2604 2794
49404 2604 2925
44104 2606 3599
47828 2606 2931
46590 2608 2676
62718 2611 2645
44572 2612 2798
47723 2613 3599
49044 2613 3599
44646 2614 2813
44210 2615 3114
44549 2616 2901
45406 2616 2943
43782 2617 3250
47948 2618 3599
47208 2620 2935
41162 2622 3599
47349 2622 3599
68798 2623 3599
43734 2626 2750
40861 2627 2652
55348 2627 2848
48128 2629 2715
49162 2631 2811
44069 2632 2979
47186 2632 2948
47795 2633 3599
46171 2634 2683
45206 2635 2836
43102 2637 2816
52858 2639 3599
38956 2640 3430
45498 2640 3467
41256 2641 3028
15647 2642 3440
44290 2644 2769
54960 2644 3599
7355 2644 2653
48106 2645 2809
55443 2645 2849
43754 2646 2661
27966 2647 2851
45661 2647 3599
46258 2647 2729
62318 2647 2784
45919 2648 3481
44045 2649 3599
49183 2650 2706
44623 2651 3280
48510 2651 2874
45727 2655 3599
62162 2655 2905
45234 2656 2833
47096 2656 2848
48273 2657 2910
45337 2658 3558
61880 2659 2837
44254 2660 2678
48955 2661 3599
69805 2662 3599
43139 2664 2906
45093 2664 2681
61891 2664 2880
37063 2665 2765
46520 2665 2929
55280 2665 3599
41213 2666 3292
43107 2666 2908
47398 2666 3599
48882 2666 2824
49169 2666 2710
59631 2666 2877
45019 2667 2784
46140 2667 3597
52183 2667 2912
38755 2668 2677
60774 2668 3033
32657 2669 2915
37250 2669 2985
45578 2669 2932
42982 2670 2786
47060 2670 3599
61897 2671 2878
47861 2672 3599
55066 2672 3599
30929 2673 2923
39875 2674 3599
44648 2675 2910
28041 2676 3599
55409 2676 3599
55841 2676 3599
24536 2677 2935
45764 2677 2724
48564 2677 2862
49055 2677 3599
49466 2677 3476
70146 2678 3599
46119 2679 3599
46896 2679 2933
55474 2679 3599
68801 2681 3599
69464 2682 3599
18593 2685 3599
46978 2686 3572
47617 2686 2905
37257 2691 3599
47448 2691 2850
38497 2692 3599
47321 2692 3599
47652 2692 3599
38623 2693 3599
46250 2693 2812
25940 2694 3599
43969 2694 3599
46529 2695 3399
43184 2696 2818
43321 2696 3599
46137 2696 3483
55326 2696 3201
69480 2696 3599
30933 2697 2938
36860 2699 2939
47301 2699 3065
43916 2700 3599
9960 2700 2866
32658 2703 3009
46426 2703 3219
31888 2705 3599
54987 2705 3068
24551 2706 2919
36432 2706 2946
69638 2706 3599
47018 2707 2943
15660 2708 3599
24313 2712 2895
44721 2712 2940
54378 2712 3599
47634 2714 3599
55839 2714 3411
48440 2715 2963
47249 2716 2768
44434 2719 3599
46692 2720 3599
48979 2720 3599
47254 2721 3032
48374 2721 2770
49190 2723 2807
68300 2724 3599
43997 2725 3599
45927 2725 3025
44784 2727 2938
41084 2728 3599
38920 2729 3117
48775 2731 3599
37196 2733 3041
47669 2733 3223
48171 2734 3599
48124 2735 3599
45991 2737 3441
46461 2737 3599
44669 2738 3029
45563 2738 3599
47198 2738 2927
49087 2738 2793
41052 2739 3599
46396 2739 2809
43975 2740 3045
37434 2741 3023
43539 2741 2917
43941 2741 3599
53843 2741 3011
46340 2742 2795
45410 2743 3017
52173 2744 2933
62621 2746 2786
43323 2748 3599
48216 2748 2806
48741 2748 3016
48229 2752 2811
15262 2753 3599
38932 2753 3166
43894 2753 3114
45450 2753 3599
38703 2755 2760
43812 2755 3599
12193 2756 2905
47816 2756 3096
60814 2757 2906
46584 2759 2949
41239 2761 3599
46408 2761 2957
55250 2761 3599
60948 2761 3599
48837 2763 3063
41017 2764 3011
48656 2766 2946
44631 2767 2925
47519 2767 3102
63670 2768 2930
11946 2769 3599
18597 2771 3599
47740 2771 3069
46523 2774 3028
30036 2775 3599
44930 2775 3599
57134 2775 2926
60703 2776 2806
43275 2777 2808
47607 2778 2808
36554 2779 3025
45986 2779 3599
46002 2779 3112
58318 2779 3060
59114 2779 2956
47917 2780 3089
76187 2781 3596
43750 2782 2871
48605 2782 2969
12092 2783 3083
47949 2783 3094
48385 2784 2861
47118 2785 2863
76196 2785 3451
71204 2786 3080
47363 2787 3599
54816 2787 3389
77931 2787 3599
29993 2788 2805
40079 2788 2954
12142 2789 3599
60796 2789 3015
69645 2789 3295
55320 2790 3599
7438 2790 3082
45883 2791 2948
58620 2791 2995
43251 2793 2817
54279 2793 3599
56259 2793 3300
12148 2794 3174
55775 2794 3393
45838 2795 3599
11983 2796 2921
43229 2796 2927
46321 2796 2893
55757 2796 3385
46293 2797 2841
56711 2797 3172
49175 2798 2897
69507 2798 3567
57901 2799 3599
48929 2800 3475
69275 2800 3391
70144 2801 3599
37818 2802 3133
45403 2802 3123
46138 2802 2876
77911 2802 3105
55360 2803 3599
55394 2803 3599
12382 2804 2872
57135 2804 3084
37428 2805 3128
45677 2805 2861
47838 2805 3599
58108 2805 3599
69690 2805 3599
38777 2806 2818
58082 2806 3599
45532 2807 3018
49401 2807 3200
70096 2807 3465
37820 2808 3138
48797 2808 3599
57899 2808 3599
46030 2809 3221
47282 2809 3599
55849 2809 3599
41178 2810 3599
45766 2810 3375
48206 2810 2907
73732 2810 3599
48842 2811 3599
47695 2812 3599
17951 2813 3599
37422 2813 3134
47252 2813 3128
64911 2814 3599
46771 2815 3599
47311 2815 3385
48915 2815 3286
38729 2816 2823
44722 2817 3188
47995 2817 3599
37419 2818 3115
47568 2818 3599
43982 2820 3198
61993 2820 3599
45363 2821 3599
47688 2821 3599
47859 2821 3599
48904 2821 3599
55045 2821 3599
42610 2822 2894
47698 2822 3386
45419 2823 3136
54375 2823 3599
45210 2825 3012
45414 2825 3133
48168 2825 3599
35270 2826 3599
49002 2826 3510
44093 2827 3599
45011 2827 2858
46699 2827 3599
27980 2828 3053
42669 2831 3188
46764 2831 3198
66917 2831 2853
36971 2833 3599
44049 2834 3267
46913 2834 2977
7433 2834 3599
23719 2835 3013
43343 2835 3599
27760 2836 3149
32094 2837 3043
66810 2837 3599
48343 2838 3108
48650 2838 3205
68304 2839 3599
46951 2840 3116
22845 2841 3599
39452 2841 3599
41573 2842 3117
38917 2843 3599
40475 2843 2933
48707 2843 3014
73454 2845 2916
45981 2846 3599
43937 2848 3599
63298 2848 3599
40826 2849 3046
43749 2849 2909
47464 2849 3599
55761 2849 3151
43048 2850 3017
54999 2850 3147
37454 2851 3131
45568 2851 3027
43210 2852 3015
55043 2852 3154
55046 2852 3152
50679 2853 3599
40955 2854 2922
49367 2856 3034
62317 2857 3055
48622 2858 3036
63652 2859 3118
43240 2860 3030
46798 2860 3038
52971 2861 3599
22831 2862 3599
30937 2862 3044
25884 2863 3397
47297 2863 3599
48148 2863 2978
53234 2864 3110
47959 2865 3099
49260 2865 2919
46883 2866 3040
47116 2866 3111
44066 2867 3599
46022 2867 3229
46859 2867 3599
48798 2868 3599
52914 2868 3599
43225 2869 3020
45429 2871 3192
48570 2871 3125
48817 2872 3599
48380 2874 3127
49097 2874 3599
44109 2875 3275
47229 2876 3092
32652 2877 3130
66803 2877 3599
47144 2878 3599
41054 2879 3599
48969 2879 3599
46755 2880 3599
51892 2880 3046
47171 2881 2945
62848 2881 3599
46936 2883 3109
52184 2883 3133
7313 2886 3025
31409 2887 3132
45964 2889 3560
55002 2889 3156
42768 2891 3034
43891 2892 3599
52456 2892 3135
47829 2893 3582
43816 2894 3599
51902 2895 3140
44205 2896 2975
45177 2896 3120
46229 2896 2942
45420 2897 3224
48426 2898 3599
41509 2899 3142
44758 2901 3211
47939 2901 3599
48123 2902 2946
32549 2903 2994
40464 2903 3599
47457 2903 3599
47631 2904 3599
48747 2905 3119
64879 2905 2914
49132 2906 3599
45777 2907 2958
46389 2910 3062
48860 2910 3599
47837 2911 3599
48990 2911 3599
47364 2912 3498
49075 2912 2962
40949 2913 3129
44052 2914 3599
47509 2915 3577
47691 2916 3280
47779 2916 3422
44928 2918 3599
62122 2918 3599
45835 2919 3121
58396 2919 3418
28024 2920 3599
45921 2920 3127
71200 2921 3599
48345 2922 3194
48382 2922 3119
60761 2922 3599
15636 2923 3599
42741 2923 3044
44600 2923 3122
46473 2924 3442
47273 2924 3599
48843 2924 2955
55393 2924 3599
44605 2926 3119
12165 2927 3599
45462 2929 2961
49115 2930 3599
37206 2931 3249
41179 2931 3599
49337 2931 3203
43959 2932 3599
55675 2932 3599
48140 2934 2974
22838 2937 3576
47530 2937 3596
48722 2937 3282
45629 2939 2974
46866 2943 3194
37472 2944 3305
43204 2945 3134
43645 2945 2958
49157 2946 3599
69830 2947 3599
44710 2948 3226
46111 2949 3185
49227 2949 3146
62149 2950 3124
46964 2951 3237
47593 2951 3599
44564 2952 3126
55260 2952 3599
48425 2953 3294
55515 2954 3599
49223 2955 3599
42622 2956 3216
69617 2958 3327
71170 2960 3246
47990 2961 3034
44853 2962 3599
7415 2962 3375
47908 2964 3599
7316 2966 3121
44180 2968 3055
48022 2968 3019
62660 2969 3015
44603 2970 3599
45556 2970 3036
53237 2974 3152
43922 2975 3599
45470 2976 3039
24279 2977 3205
44534 2977 3128
39888 2978 3599
47482 2979 3599
55582 2979 3599
62663 2979 3014
29996 2980 3207
55032 2980 3160
31408 2981 3156
60834 2981 3542
44252 2982 3584
46533 2985 3372
49289 2986 3599
76270 2986 3026
43357 2988 3599
49440 2988 3207
46606 2990 3204
55134 2991 3599
44863 2993 3599
47630 2993 3599
48361 2994 3220
7692 2995 3522
44456 2997 3599
46103 2998 3303
48501 2998 3150
55338 2998 3244
48331 3000 3599
46057 3002 3599
43237 3003 3218
47094 3003 3278
49886 3003 3154
45353 3004 3299
44926 3005 3599
45881 3005 3047
48912 3005 3284
44794 3006 3302
45795 3006 3287
45900 3006 3279
42653 3008 3309
47877 3008 3599
47035 3009 3294
43958 3010 3375
47039 3011 3599
41194 3012 3599
46902 3013 3054
17985 3014 3195
44673 3014 3315
55064 3014 3599
49391 3016 3384
48389 3017 3280
44130 3018 3599
47404 3018 3599
70116 3018 3599
46890 3020 3599
47114 3020 3599
47082 3021 3056
47074 3022 3223
52955 3023 3561
63296 3023 3332
27921 3024 3599
44694 3024 3304
56209 3024 3599
17929 3025 3432
43962 3025 3195
46598 3025 3225
48705 3025 3291
55220 3025 3330
55056 3026 3240
66615 3026 3599
45297 3027 3220
38629 3029 3599
47222 3031 3292
62609 3032 3103
46124 3035 3296
42391 3036 3330
40918 3037 3106
47757 3037 3599
48831 3037 3599
49171 3037 3599
47657 3039 3599
48319 3039 3599
43329 3040 3599
47278 3041 3599
47987 3042 3599
48528 3042 3125
45444 3044 3599
38649 3045 3052
47749 3046 3599
44116 3048 3599
43059 3049 3221
44538 3050 3328
48641 3050 3377
47806 3051 3599
61925 3051 3219
47200 3055 3599
22856 3056 3434
58478 3057 3599
22851 3059 3599
47918 3059 3599
62636 3062 3223
42656 3063 3599
48072 3063 3177
47962 3064 3599
47485 3065 3599
42971 3066 3160
46856 3068 3309
48829 3068 3599
45441 3069 3599
46658 3070 3599
45938 3071 3479
46249 3071 3182
44188 3072 3599
46745 3072 3111
45774 3074 3599
46468 3074 3599
47553 3074 3599
48142 3074 3185
46312 3075 3174
46325 3075 3350
45241 3076 3321
46819 3076 3463
48198 3077 3188
42660 3078 3599
47762 3078 3599
47677 3079 3599
45547 3080 3311
48602 3080 3471
42864 3083 3392
50737 3083 3599
44814 3086 3599
63417 3086 3527
38831 3087 3310
47083 3088 3599
48727 3088 3497
69793 3088 3599
45221 3089 3333
47005 3090 3387
47571 3090 3599
55226 3090 3336
46616 3093 3136
47245 3093 3301
48692 3094 3140
41037 3095 3564
46432 3096 3599
46862 3096 3384
58434 3098 3599
42890 3100 3397
30033 3101 3599
45209 3102 3335
45890 3102 3314
58494 3103 3599
43176 3104 3339
48555 3104 3311
48728 3104 3599
60787 3104 3599
47892 3106 3141
59117 3106 3599
46415 3107 3381
47648 3107 3599
55030 3108 3599
58287 3108 3599
46050 3110 3599
48362 3110 3311
58326 3110 3599
45535 3111 3309
47253 3111 3500
55859 3111 3599
58075 3111 3599
76825 3111 3599
48376 3112 3322
46337 3114 3255
47465 3114 3599
41165 3116 3599
45341 3116 3599
44397 3120 3139
47361 3121 3599
50738 3122 3599
51584 3123 3279
55362 3123 3599
44775 3124 3478
50445 3124 3312
45464 3125 3373
45639 3125 3498
55031 3125 3599
67145 3125 3599
37314 3126 3599
42654 3126 3395
51560 3126 3310
40094 3128 3306
44636 3128 3337
49185 3129 3599
55850 3129 3599
55259 3130 3599
42883 3131 3395
43612 3133 3222
47901 3134 3599
17905 3135 3599
46120 3136 3599
48944 3136 3599
46127 3137 3379
48832 3139 3599
46476 3140 3214
55816 3140 3599
55473 3141 3599
64945 3141 3599
45577 3144 3599
43867 3146 3599
48931 3148 3599
38689 3150 3157
43353 3150 3599
47045 3150 3599
56218 3150 3599
49422 3151 3218
47223 3152 3484
46500 3153 3599
17947 3154 3599
48232 3154 3261
44043 3156 3599
47285 3157 3599
35118 3161 3220
38482 3161 3599
40403 3162 3431
43474 3162 3302
47872 3162 3599
48462 3162 3486
42630 3163 3473
45999 3164 3599
47126 3164 3499
50467 3165 3177
46373 3167 3309
49015 3168 3599
64873 3168 3406
48329 3169 3599
48813 3169 3599
47826 3171 3599
47950 3171 3599
44134 3172 3599
42724 3173 3314
46247 3173 3256
52737 3173 3407
45571 3174 3222
46194 3174 3381
52958 3174 3599
62767 3174 3581
46923 3175 3599
44918 3176 3599
47471 3176 3521
48704 3176 3327
45424 3177 3483
7417 3177 3570
37218 3178 3599
47459 3178 3443
66811 3178 3599
44791 3180 3599
46205 3180 3527
43331 3181 3477
44061 3181 3599
48029 3181 3599
43829 3182 3599
37213 3183 3346
44075 3183 3599
55460 3183 3599
43869 3186 3599
45188 3186 3433
31846 3187 3599
48690 3188 3231
42667 3189 3562
46397 3189 3264
48802 3189 3599
28018 3190 3599
46907 3190 3599
45513 3191 3393
66859 3191 3202
47685 3192 3599
44915 3195 3599
49009 3195 3599
46601 3197 3599
40986 3198 3599
48347 3198 3499
41247 3199 3599
68062 3200 3525
47177 3201 3402
42897 3202 3564
43794 3203 3599
24334 3205 3599
37500 3205 3599
47673 3205 3599
37241 3206 3528
42749 3206 3373
45370 3206 3569
47146 3206 3599
44616 3207 3369
46355 3207 3266
47528 3207 3599
36535 3208 3483
42865 3208 3561
62824 3208 3599
44073 3209 3599
48588 3209 3407
56266 3210 3599
44788 3211 3599
45417 3212 3565
49212 3212 3599
10080 3214 3599
18569 3215 3599
47330 3215 3599
44018 3216 3599
48737 3217 3336
48960 3219 3599
45434 3220 3565
45944 3221 3599
27860 3222 3599
46608 3222 3332
48815 3222 3301
48635 3223 3409
48591 3225 3599
46477 3226 3599
47513 3226 3599
49374 3227 3472
44945 3228 3599
43348 3229 3554
45458 3229 3358
46726 3229 3599
48230 3231 3599
48336 3231 3467
44012 3232 3599
18006 3233 3563
46603 3233 3461
44056 3234 3599
36444 3235 3563
43807 3235 3599
45466 3235 3599
46078 3235 3406
49435 3235 3317
44663 3236 3586
49152 3236 3599
44078 3237 3599
49325 3237 3419
54985 3239 3599
44101 3240 3599
44479 3240 3599
48227 3240 3299
47092 3241 3424
48991 3241 3599
55034 3242 3599
61879 3244 3469
24332 3245 3599
46174 3245 3599
55532 3246 3599
48254 3250 3599
55447 3250 3599
48065 3251 3599
62337 3251 3340
37829 3252 3556
43288 3252 3400
46062 3252 3383
42703 3253 3584
48187 3253 3599
56254 3253 3599
69282 3253 3599
45815 3254 3423
55349 3254 3599
38486 3255 3599
41540 3255 3599
44582 3255 3460
48149 3255 3599
43199 3257 3449
44827 3257 3599
45733 3257 3528
69675 3257 3599
46118 3258 3599
48110 3259 3535
58288 3259 3599
69509 3259 3599
46836 3260 3599
44698 3261 3599
46570 3261 3330
47052 3261 3599
47664 3261 3534
58399 3261 3599
42351 3262 3340
59203 3262 3599
43473 3263 3460
49066 3263 3599
52879 3263 3599
69684 3263 3599
55398 3264 3599
41092 3265 3599
62847 3265 3599
37822 3266 3599
45345 3266 3593
45914 3266 3599
47864 3266 3599
59128 3266 3599
45794 3267 3599
55396 3267 3599
60713 3267 3599
64904 3267 3599
66847 3267 3283
43376 3268 3599
55412 3268 3599
30026 3269 3599
59151 3269 3599
60737 3269 3599
37424 3270 3578
49191 3270 3599
55613 3270 3599
52904 3271 3599
43978 3272 3599
44877 3272 3599
45693 3272 3599
46192 3272 3341
49280 3272 3599
55705 3272 3599
54824 3273 3599
76721 3273 3599
49006 3274 3599
55073 3275 3593
49362 3276 3599
38799 3278 3286
55055 3278 3599
45776 3279 3426
46160 3279 3599
47764 3279 3599
55318 3279 3599
62150 3279 3543
62772 3279 3599
47337 3280 3599
54779 3280 3599
62148 3280 3599
22880 3281 3599
44309 3282 3599
54782 3282 3599
43070 3283 3537
45647 3283 3488
45162 3284 3341
69734 3285 3599
41555 3286 3543
47266 3288 3599
66818 3289 3567
68793 3289 3599
49123 3290 3599
29989 3293 3336
49412 3293 3485
36564 3294 3581
47747 3294 3599
48725 3296 3599
15294 3297 3599
49074 3298 3494
68084 3298 3419
15256 3299 3599
44226 3300 3444
45411 3300 3591
44689 3302 3599
47288 3302 3573
60732 3302 3599
48418 3303 3599
55345 3303 3599
15257 3304 3599
40977 3304 3599
45885 3304 3599
38987 3305 3599
47344 3306 3599
36870 3307 3580
44010 3307 3599
32084 3309 3541
42869 3310 3599
47850 3310 3599
44593 3311 3464
37515 3313 3599
45386 3313 3580
50664 3313 3524
45854 3314 3391
47415 3314 3599
55223 3315 3599
7447 3316 3599
45600 3318 3599
48676 3318 3504
48257 3319 3599
43960 3321 3542
42919 3322 3509
44019 3322 3599
71182 3322 3526
45669 3323 3523
42877 3324 3599
48188 3325 3425
46515 3327 3599
47531 3328 3599
69487 3328 3599
45349 3329 3599
55750 3330 3599
45388 3332 3599
46910 3332 3599
46275 3333 3429
45354 3336 3599
49057 3336 3599
41507 3337 3599
47449 3337 3599
45431 3338 3599
48512 3339 3599
47566 3340 3599
37467 3341 3599
48678 3342 3599
43773 3343 3599
46479 3344 3599
48428 3344 3599
37192 3345 3599
55184 3350 3599
45617 3352 3559
46984 3352 3599
37463 3354 3599
42631 3355 3599
48614 3356 3549
43929 3357 3530
44639 3359 3565
45968 3359 3599
49304 3360 3531
45051 3361 3558
37491 3362 3599
47238 3362 3599
68012 3363 3378
36452 3366 3599
50671 3366 3528
46997 3369 3599
64964 3370 3599
43168 3375 3574
44110 3377 3599
55365 3377 3599
45269 3380 3555
47802 3381 3599
46412 3383 3599
46707 3383 3534
48549 3383 3599
48131 3385 3538
43789 3386 3599
48713 3386 3599
45899 3387 3599
46711 3387 3599
48175 3387 3542
50659 3388 3599
48151 3390 3453
58451 3390 3510
45253 3391 3556
46465 3391 3597
48975 3391 3599
46735 3393 3462
55339 3395 3599
48658 3396 3487
28025 3397 3599
49225 3397 3453
66952 3397 3599
48253 3398 3599
45641 3403 3599
62883 3403 3599
44858 3405 3599
49384 3405 3512
55578 3405 3599
46669 3406 3475
28104 3407 3599
47108 3407 3599
27735 3408 3599
48090 3408 3545
49098 3408 3599
62877 3408 3599
48201 3409 3599
47493 3410 3550
41125 3411 3571
46379 3411 3599
45569 3412 3538
42698 3414 3599
31371 3415 3599
45501 3415 3599
49363 3416 3599
55858 3416 3599
69268 3416 3599
46238 3417 3529
46882 3417 3599
23578 3418 3592
56246 3419 3599
44786 3420 3599
46488 3420 3493
49285 3420 3599
48243 3421 3599
48239 3423 3599
42403 3424 3586
48434 3424 3599
42314 3425 3599
49335 3425 3599
41201 3426 3599
42896 3426 3599
47842 3426 3599
46646 3427 3599
46933 3427 3599
46427 3428 3599
48513 3428 3599
45229 3431 3599
48060 3431 3599
40942 3433 3571
49046 3434 3599
47257 3435 3599
40961 3437 3478
43138 3437 3599
17978 3438 3599
44950 3439 3599
48987 3439 3599
31848 3440 3599
42362 3440 3599
42857 3440 3599
42673 3441 3599
48156 3441 3599
42401 3442 3599
43904 3443 3599
46891 3443 3599
49210 3443 3599
49296 3443 3599
55738 3443 3599
27984 3444 3599
47791 3444 3599
50663 3444 3599
48378 3445 3498
45301 3446 3571
62105 3446 3599
42710 3447 3599
62898 3448 3599
44724 3449 3599
45613 3449 3499
45689 3449 3599
52204 3450 3599
55597 3450 3599
44697 3451 3599
62164 3451 3599
65302 3451 3599
49008 3452 3599
55129 3452 3599
55390 3452 3599
51006 3453 3599
47141 3454 3599
50713 3454 3599
31839 3455 3599
36437 3455 3599
61889 3455 3599
53198 3456 3599
48468 3457 3599
55748 3458 3599
52989 3459 3599
40412 3460 3599
41063 3461 3599
49216 3461 3599
40957 3463 3495
44473 3463 3488
55152 3463 3599
43193 3464 3599
47812 3464 3599
45486 3465 3501
45735 3466 3599
53004 3466 3599
47649 3467 3599
41506 3468 3599
58279 3468 3599
66940 3468 3599
31616 3469 3599
41274 3469 3599
49078 3469 3599
24918 3471 3599
7377 3471 3599
48466 3472 3599
37242 3473 3599
46224 3473 3541
46139 3474 3599
47741 3474 3506
62329 3474 3599
48546 3475 3599
47028 3476 3515
52219 3477 3599
50712 3480 3599
45412 3481 3599
1636 3482 3599
42664 3482 3599
45618 3482 3599
46406 3482 3599
47440 3483 3599
62846 3483 3599
46407 3487 3599
67148 3487 3599
41261 3488 3599
42843 3488 3599
48458 3490 3573
62764 3490 3599
43194 3491 3599
48080 3491 3599
44637 3492 3599
43284 3493 3599
46058 3493 3599
43263 3494 3534
45306 3494 3599
37502 3496 3599
44213 3497 3599
47072 3498 3599
48318 3498 3599
43852 3499 3599
47587 3499 3582
48006 3499 3599
45628 3500 3599
62783 3501 3599
44020 3503 3599
48631 3503 3599
64926 3503 3599
48695 3504 3599
49429 3505 3599
68067 3505 3599
62648 3506 3573
43302 3507 3541
45656 3508 3599
43846 3511 3599
46422 3512 3558
48054 3512 3599
48736 3512 3599
44159 3515 3599
32655 3516 3599
45855 3517 3599
48437 3517 3599
46443 3519 3599
48523 3520 3599
44028 3521 3599
44756 3526 3599
44701 3529 3599
49007 3529 3599
47575 3532 3599
70296 3533 3599
52980 3534 3599
47626 3535 3599
37207 3536 3599
48791 3536 3591
42305 3537 3599
48696 3537 3599
49147 3537 3599
48412 3538 3599
51020 3538 3599
49379 3540 3599
48783 3541 3599
62702 3541 3578
49431 3542 3599
47097 3543 3595
45803 3544 3599
52657 3544 3599
45198 3545 3599
49050 3545 3599
62632 3545 3577
40775 3546 3599
49045 3546 3599
47366 3547 3599
73560 3547 3599
45941 3548 3599
46623 3548 3599
52444 3548 3599
70082 3548 3599
46128 3549 3599
47302 3549 3579
47443 3549 3599
48004 3550 3599
38980 3551 3599
42318 3551 3599
47602 3552 3599
62104 3552 3599
15255 3553 3599
32659 3553 3599
44746 3554 3599
45524 3555 3599
48266 3555 3599
48414 3555 3599
52240 3555 3599
27934 3556 3599
55263 3556 3599
55468 3556 3599
24882 3557 3599
52939 3557 3599
37476 3559 3599
48511 3559 3599
15258 3560 3599
31262 3560 3599
41589 3561 3599
46462 3561 3599
47317 3562 3599
48379 3562 3599
41578 3563 3599
46054 3563 3599
47988 3563 3599
63312 3563 3599
28011 3564 3599
45864 3564 3599
46830 3564 3599
48585 3564 3599
45537 3565 3599
51880 3565 3599
17955 3566 3599
37805 3566 3599
43047 3567 3599
49357 3567 3599
62324 3567 3599
63662 3567 3599
40422 3569 3599
45533 3569 3599
23596 3570 3599
45128 3570 3586
49272 3570 3599
53873 3570 3599
47322 3571 3599
49269 3571 3599
31367 3572 3599
46289 3572 3599
46831 3572 3599
45730 3573 3599
23580 3574 3599
40982 3574 3599
41227 3574 3599
46722 3574 3599
46234 3575 3599
7289 3575 3581
31799 3576 3599
48186 3576 3599
63681 3576 3599
47736 3578 3599
62690 3578 3599
32114 3580 3599
46867 3580 3599
47502 3581 3599
32097 3582 3599
47970 3582 3599
12223 3584 3599
30919 3584 3599
46176 3584 3599
47884 3584 3599
47572 3585 3599
49192 3585 3599
55782 3585 3599
47582 3586 3599
49072 3586 3599
55843 3586 3599
32537 3587 3599
54770 3587 3599
46929 3588 3599
47722 3588 3599
48914 3589 3599
48183 3590 3599
48405 3590 3599
46810 3592 3599
47689 3592 3599
54387 3592 3599
41287 3594 3599
43221 3595 3599
47313 3595 3599
48874 3596 3599
54956 3596 3599
47621 3597 3599
47805 3598 3599
48537 3599 3599
