0 0
1 3
2 6
3 9
4 11
5 13
6 13
7 13
8 13
9 14
10 14
11 14
12 14
13 14
14 15
15 15
16 15
17 18
18 18
19 20
20 20
21 21
22 23
23 25
24 26
25 27
26 28
27 29
28 31
29 34
30 36
31 38
32 40
33 44
34 47
35 49
36 48
37 49
38 48
39 48
40 49
41 50
42 50
43 50
44 52
45 54
46 55
47 56
48 57
49 59
50 58
51 59
52 60
53 60
54 60
55 62
56 65
57 66
58 67
59 67
60 68
61 70
62 70
63 71
64 72
65 72
66 74
67 73
68 73
69 74
70 76
71 76
72 77
73 77
74 78
75 79
76 81
77 83
78 83
79 86
80 86
81 87
82 87
83 87
84 89
85 91
86 90
87 94
88 93
89 93
90 92
91 93
92 92
93 92
94 93
95 94
96 97
97 98
98 100
99 101
100 105
101 106
102 105
103 108
104 108
105 110
106 109
107 111
108 111
109 114
110 114
111 115
112 116
113 116
114 115
115 114
116 114
117 114
118 114
119 116
120 115
121 115
122 113
123 115
124 116
125 116
126 117
127 117
128 115
129 117
130 117
131 119
132 118
133 118
134 118
135 118
136 118
137 119
138 124
139 124
140 124
141 124
142 124
143 124
144 124
145 124
146 126
147 125
148 125
149 126
150 128
151 128
152 126
153 127
154 129
155 130
156 130
157 131
158 132
159 133
160 134
161 135
162 135
163 136
164 140
165 140
166 143
167 146
168 149
169 150
170 150
171 151
172 151
173 154
174 156
175 156
176 158
177 160
178 164
179 163
180 166
181 168
182 169
183 171
184 173
185 172
186 173
187 175
188 177
189 178
190 181
191 182
192 184
193 186
194 187
195 187
196 186
197 187
198 188
199 190
200 190
201 192
202 193
203 194
204 195
205 194
206 195
207 195
208 195
209 194
210 194
211 194
212 194
213 194
214 194
215 192
216 193
217 192
218 193
219 194
220 194
221 193
222 194
223 193
224 195
225 193
226 195
227 192
228 193
229 192
230 191
231 193
232 195
233 197
234 198
235 199
236 198
237 198
238 202
239 203
240 205
241 205
242 207
243 206
244 208
245 208
246 208
247 210
248 211
249 213
250 212
251 212
252 212
253 211
254 211
255 213
256 213
257 214
258 215
259 214
260 214
261 216
262 217
263 218
264 223
265 223
266 223
267 226
268 228
269 229
270 227
271 227
272 227
273 227
274 226
275 227
276 228
277 227
278 227
279 227
280 229
281 230
282 230
283 233
284 234
285 235
286 234
287 233
288 233
289 235
290 237
291 236
292 235
293 237
294 237
295 240
296 241
297 244
298 245
299 245
300 244
301 242
302 243
303 243
304 247
305 248
306 250
307 250
308 251
309 252
310 256
311 258
312 258
313 258
314 256
315 258
316 256
317 256
318 258
319 260
320 260
321 259
322 260
323 259
324 259
325 260
326 262
327 261
328 262
329 263
330 263
331 264
332 266
333 266
334 267
335 268
336 269
337 268
338 270
339 271
340 273
341 274
342 276
343 277
344 280
345 282
346 281
347 279
348 279
349 279
350 280
351 281
352 283
353 284
354 284
355 282
356 285
357 284
358 283
359 284
360 287
361 282
362 283
363 282
364 282
365 284
366 284
367 285
368 284
369 283
370 284
371 285
372 286
373 285
374 285
375 285
376 284
377 287
378 288
379 290
380 289
381 288
382 287
383 290
384 291
385 292
386 294
387 297
388 301
389 306
390 305
391 308
392 308
393 308
394 304
395 302
396 303
397 307
398 307
399 306
400 303
401 301
402 303
403 303
404 304
405 305
406 304
407 302
408 301
409 299
410 302
411 303
412 300
413 301
414 301
415 303
416 303
417 303
418 303
419 305
420 307
421 307
422 305
423 307
424 306
425 307
426 308
427 309
428 306
429 307
430 307
431 307
432 307
433 311
434 310
435 310
436 310
437 311
438 312
439 311
440 312
441 312
442 313
443 314
444 312
445 312
446 313
447 318
448 320
449 319
450 320
451 320
452 320
453 320
454 319
455 319
456 318
457 319
458 318
459 319
460 318
461 317
462 315
463 317
464 318
465 320
466 321
467 322
468 323
469 324
470 324
471 327
472 329
473 327
474 326
475 329
476 330
477 332
478 336
479 337
480 338
481 340
482 342
483 347
484 347
485 349
486 350
487 349
488 352
489 351
490 352
491 352
492 354
493 352
494 352
495 351
496 351
497 353
498 353
499 355
500 357
501 357
502 358
503 356
504 354
505 354
506 356
507 354
508 355
509 355
510 353
511 350
512 352
513 352
514 352
515 350
516 351
517 351
518 350
519 350
520 350
521 350
522 355
523 356
524 355
525 357
526 360
527 359
528 359
529 362
530 364
531 367
532 368
533 371
534 370
535 372
536 371
537 371
538 369
539 369
540 368
541 369
542 369
543 368
544 369
545 368
546 368
547 368
548 373
549 375
550 377
551 378
552 379
553 379
554 378
555 380
556 382
557 382
558 385
559 386
560 388
561 389
562 391
563 394
564 394
565 397
566 399
567 404
568 405
569 409
570 409
571 413
572 415
573 416
574 420
575 423
576 427
577 429
578 429
579 431
580 435
581 436
582 437
583 438
584 441
585 442
586 442
587 441
588 439
589 437
590 439
591 441
592 442
593 446
594 445
595 444
596 443
597 442
598 442
599 441
600 441
601 440
602 440
603 440
604 441
605 439
606 442
607 442
608 443
609 444
610 442
611 443
612 444
613 447
614 447
615 448
616 448
617 449
618 447
619 449
620 450
621 452
622 454
623 454
624 455
625 458
626 462
627 463
628 463
629 460
630 461
631 462
632 462
633 462
634 462
635 463
636 464
637 464
638 464
639 467
640 466
641 470
642 471
643 474
644 470
645 473
646 475
647 476
648 476
649 478
650 478
651 479
652 480
653 482
654 483
655 484
656 485
657 492
658 492
659 494
660 496
661 499
662 501
663 501
664 500
665 501
666 503
667 503
668 505
669 510
670 510
671 513
672 516
673 516
674 516
675 517
676 519
677 522
678 525
679 525
680 525
681 523
682 522
683 522
684 519
685 518
686 517
687 520
688 521
689 521
690 520
691 523
692 519
693 521
694 523
695 525
696 526
697 527
698 526
699 527
700 523
701 521
702 517
703 519
704 519
705 525
706 524
707 528
708 530
709 529
710 529
711 528
712 529
713 528
714 529
715 528
716 527
717 525
718 527
719 530
720 532
721 533
722 535
723 534
724 532
725 532
726 533
727 535
728 537
729 541
730 546
731 545
732 548
733 548
734 549
735 549
736 549
737 550
738 554
739 548
740 550
741 547
742 546
743 547
744 549
745 550
746 551
747 551
748 554
749 555
750 559
751 564
752 562
753 564
754 565
755 564
756 569
757 568
758 571
759 573
760 575
761 576
762 575
763 576
764 577
765 577
766 576
767 576
768 575
769 579
770 578
771 575
772 576
773 573
774 572
775 572
776 570
777 571
778 571
779 571
780 569
781 570
782 569
783 566
784 569
785 568
786 569
787 573
788 573
789 569
790 571
791 570
792 571
793 571
794 574
795 574
796 575
797 576
798 578
799 581
800 579
801 580
802 583
803 582
804 583
805 585
806 587
807 589
808 590
809 590
810 594
811 594
812 595
813 597
814 594
815 592
816 590
817 591
818 588
819 587
820 584
821 582
822 582
823 580
824 578
825 578
826 576
827 577
828 578
829 578
830 581
831 585
832 586
833 587
834 590
835 594
836 593
837 597
838 598
839 601
840 601
841 604
842 605
843 607
844 608
845 607
846 609
847 608
848 609
849 609
850 608
851 609
852 607
853 607
854 606
855 607
856 607
857 609
858 607
859 608
860 610
861 612
862 611
863 610
864 611
865 611
866 607
867 608
868 603
869 604
870 604
871 605
872 604
873 606
874 605
875 607
876 607
877 608
878 607
879 609
880 611
881 614
882 615
883 614
884 618
885 617
886 610
887 610
888 608
889 605
890 605
891 604
892 603
893 604
894 604
895 604
896 605
897 607
898 608
899 611
900 615
901 618
902 618
903 620
904 620
905 620
906 617
907 617
908 615
909 613
910 611
911 612
912 612
913 612
914 614
915 613
916 616
917 618
918 622
919 625
920 625
921 627
922 629
923 629
924 630
925 632
926 633
927 634
928 636
929 638
930 642
931 643
932 643
933 646
934 651
935 650
936 649
937 649
938 648
939 651
940 654
941 655
942 662
943 661
944 664
945 665
946 667
947 665
948 663
949 659
950 659
951 660
952 658
953 657
954 661
955 658
956 656
957 657
958 655
959 654
960 654
961 656
962 656
963 654
964 654
965 652
966 656
967 656
968 664
969 664
970 667
971 669
972 667
973 665
974 666
975 667
976 661
977 662
978 660
979 661
980 660
981 661
982 664
983 666
984 669
985 669
986 667
987 672
988 674
989 674
990 678
991 682
992 682
993 682
994 683
995 683
996 682
997 682
998 681
999 682
1000 682
1001 680
1002 680
1003 679
1004 679
1005 677
1006 675
1007 676
1008 674
1009 675
1010 678
1011 676
1012 678
1013 681
1014 680
1015 682
1016 683
1017 687
1018 691
1019 691
1020 691
1021 693
1022 694
1023 695
1024 697
1025 694
1026 695
1027 694
1028 690
1029 693
1030 694
1031 696
1032 697
1033 696
1034 700
1035 698
1036 701
1037 701
1038 703
1039 702
1040 699
1041 697
1042 694
1043 693
1044 693
1045 692
1046 690
1047 687
1048 685
1049 685
1050 683
1051 682
1052 680
1053 681
1054 680
1055 681
1056 680
1057 682
1058 684
1059 686
1060 686
1061 687
1062 692
1063 692
1064 693
1065 692
1066 692
1067 693
1068 693
1069 696
1070 697
1071 694
1072 696
1073 696
1074 700
1075 701
1076 700
1077 702
1078 700
1079 700
1080 701
1081 701
1082 699
1083 700
1084 697
1085 697
1086 699
1087 696
1088 702
1089 698
1090 698
1091 697
1092 698
1093 697
1094 698
1095 699
1096 699
1097 701
1098 705
1099 706
1100 708
1101 708
1102 713
1103 715
1104 717
1105 719
1106 717
1107 718
1108 719
1109 723
1110 725
1111 726
1112 724
1113 726
1114 724
1115 724
1116 724
1117 725
1118 724
1119 727
1120 728
1121 730
1122 732
1123 734
1124 736
1125 737
1126 736
1127 736
1128 736
1129 737
1130 736
1131 736
1132 736
1133 736
1134 735
1135 733
1136 732
1137 731
1138 730
1139 732
1140 732
1141 735
1142 735
1143 737
1144 741
1145 740
1146 737
1147 738
1148 736
1149 734
1150 732
1151 734
1152 736
1153 737
1154 738
1155 740
1156 739
1157 739
1158 738
1159 735
1160 735
1161 736
1162 739
1163 738
1164 738
1165 741
1166 741
1167 745
1168 745
1169 745
1170 744
1171 744
1172 745
1173 746
1174 746
1175 747
1176 749
1177 748
1178 748
1179 750
1180 749
1181 749
1182 747
1183 748
1184 748
1185 747
1186 747
1187 748
1188 747
1189 746
1190 747
1191 747
1192 748
1193 748
1194 748
1195 748
1196 750
1197 748
1198 747
1199 745
1200 747
1201 746
1202 750
1203 751
1204 747
1205 748
1206 748
1207 753
1208 752
1209 753
1210 749
1211 748
1212 749
1213 748
1214 746
1215 747
1216 744
1217 745
1218 742
1219 740
1220 738
1221 732
1222 732
1223 731
1224 731
1225 727
1226 727
1227 729
1228 728
1229 727
1230 725
1231 723
1232 722
1233 719
1234 718
1235 720
1236 720
1237 720
1238 720
1239 720
1240 717
1241 718
1242 719
1243 717
1244 719
1245 721
1246 717
1247 715
1248 716
1249 718
1250 719
1251 718
1252 718
1253 716
1254 717
1255 714
1256 713
1257 713
1258 710
1259 715
1260 712
1261 713
1262 712
1263 713
1264 713
1265 713
1266 716
1267 720
1268 718
1269 721
1270 720
1271 720
1272 722
1273 725
1274 727
1275 729
1276 731
1277 736
1278 736
1279 740
1280 741
1281 744
1282 746
1283 748
1284 750
1285 748
1286 755
1287 753
1288 759
1289 760
1290 760
1291 761
1292 760
1293 760
1294 760
1295 759
1296 758
1297 755
1298 757
1299 753
1300 753
1301 751
1302 752
1303 751
1304 752
1305 751
1306 751
1307 752
1308 753
1309 755
1310 753
1311 753
1312 755
1313 752
1314 751
1315 749
1316 748
1317 746
1318 742
1319 741
1320 736
1321 736
1322 735
1323 735
1324 734
1325 732
1326 731
1327 729
1328 730
1329 728
1330 728
1331 729
1332 729
1333 728
1334 727
1335 732
1336 730
1337 729
1338 731
1339 733
1340 726
1341 727
1342 725
1343 725
1344 728
1345 731
1346 732
1347 732
1348 732
1349 733
1350 733
1351 733
1352 735
1353 732
1354 734
1355 730
1356 730
1357 726
1358 727
1359 728
1360 731
1361 730
1362 731
1363 731
1364 732
1365 732
1366 729
1367 732
1368 732
1369 731
1370 729
1371 732
1372 731
1373 732
1374 732
1375 733
1376 732
1377 733
1378 733
1379 736
1380 737
1381 740
1382 741
1383 744
1384 747
1385 746
1386 747
1387 749
1388 751
1389 753
1390 754
1391 756
1392 757
1393 759
1394 760
1395 763
1396 762
1397 761
1398 759
1399 758
1400 757
1401 752
1402 752
1403 751
1404 752
1405 753
1406 754
1407 755
1408 752
1409 752
1410 753
1411 752
1412 750
1413 753
1414 754
1415 755
1416 754
1417 757
1418 756
1419 755
1420 757
1421 757
1422 755
1423 755
1424 757
1425 752
1426 755
1427 753
1428 747
1429 746
1430 745
1431 744
1432 741
1433 740
1434 741
1435 744
1436 744
1437 748
1438 751
1439 750
1440 753
1441 752
1442 755
1443 755
1444 756
1445 757
1446 759
1447 757
1448 758
1449 757
1450 760
1451 761
1452 760
1453 762
1454 763
1455 762
1456 766
1457 767
1458 770
1459 772
1460 774
1461 776
1462 777
1463 778
1464 780
1465 784
1466 787
1467 790
1468 791
1469 797
1470 799
1471 803
1472 802
1473 804
1474 804
1475 805
1476 807
1477 805
1478 805
1479 806
1480 808
1481 806
1482 812
1483 814
1484 813
1485 815
1486 816
1487 814
1488 812
1489 809
1490 808
1491 809
1492 811
1493 811
1494 810
1495 809
1496 811
1497 809
1498 811
1499 808
1500 808
1501 805
1502 803
1503 803
1504 801
1505 800
1506 799
1507 803
1508 802
1509 802
1510 801
1511 801
1512 800
1513 802
1514 799
1515 799
1516 798
1517 798
1518 799
1519 800
1520 799
1521 801
1522 802
1523 804
1524 803
1525 804
1526 807
1527 805
1528 806
1529 804
1530 804
1531 807
1532 808
1533 810
1534 811
1535 811
1536 812
1537 814
1538 815
1539 818
1540 819
1541 820
1542 821
1543 817
1544 817
1545 819
1546 819
1547 817
1548 818
1549 820
1550 822
1551 823
1552 827
1553 829
1554 829
1555 829
1556 830
1557 835
1558 833
1559 836
1560 834
1561 835
1562 833
1563 835
1564 837
1565 839
1566 840
1567 843
1568 842
1569 844
1570 842
1571 841
1572 839
1573 840
1574 842
1575 843
1576 842
1577 842
1578 842
1579 844
1580 845
1581 844
1582 843
1583 838
1584 835
1585 832
1586 830
1587 832
1588 829
1589 828
1590 828
1591 829
1592 829
1593 829
1594 833
1595 834
1596 834
1597 838
1598 839
1599 839
1600 841
1601 841
1602 842
1603 842
1604 842
1605 842
1606 841
1607 840
1608 841
1609 836
1610 836
1611 836
1612 836
1613 835
1614 835
1615 835
1616 833
1617 830
1618 831
1619 832
1620 832
1621 832
1622 834
1623 835
1624 831
1625 833
1626 834
1627 836
1628 836
1629 836
1630 834
1631 835
1632 834
1633 836
1634 839
1635 839
1636 843
1637 842
1638 844
1639 847
1640 848
1641 849
1642 847
1643 845
1644 847
1645 847
1646 848
1647 847
1648 848
1649 847
1650 847
1651 846
1652 844
1653 846
1654 844
1655 845
1656 846
1657 845
1658 845
1659 845
1660 846
1661 845
1662 845
1663 847
1664 845
1665 846
1666 843
1667 844
1668 842
1669 839
1670 839
1671 839
1672 839
1673 840
1674 840
1675 842
1676 842
1677 844
1678 846
1679 845
1680 845
1681 846
1682 845
1683 844
1684 846
1685 848
1686 846
1687 847
1688 846
1689 847
1690 846
1691 845
1692 843
1693 842
1694 843
1695 843
1696 844
1697 841
1698 840
1699 839
1700 842
1701 841
1702 844
1703 843
1704 845
1705 847
1706 842
1707 845
1708 846
1709 846
1710 848
1711 846
1712 848
1713 848
1714 848
1715 849
1716 852
1717 850
1718 853
1719 848
1720 848
1721 846
1722 847
1723 845
1724 845
1725 844
1726 843
1727 843
1728 844
1729 847
1730 846
1731 849
1732 850
1733 850
1734 850
1735 851
1736 849
1737 850
1738 850
1739 848
1740 848
1741 845
1742 844
1743 846
1744 846
1745 846
1746 845
1747 839
1748 837
1749 836
1750 838
1751 839
1752 840
1753 840
1754 843
1755 841
1756 838
1757 836
1758 833
1759 828
1760 827
1761 827
1762 827
1763 826
1764 826
1765 825
1766 824
1767 823
1768 821
1769 821
1770 821
1771 820
1772 823
1773 821
1774 823
1775 821
1776 822
1777 821
1778 820
1779 819
1780 819
1781 819
1782 818
1783 823
1784 821
1785 823
1786 820
1787 822
1788 821
1789 819
1790 822
1791 822
1792 821
1793 820
1794 821
1795 821
1796 818
1797 818
1798 815
1799 816
1800 815
1801 816
1802 814
1803 813
1804 813
1805 812
1806 812
1807 809
1808 806
1809 805
1810 805
1811 807
1812 806
1813 804
1814 802
1815 802
1816 801
1817 802
1818 801
1819 801
1820 802
1821 801
1822 802
1823 803
1824 805
1825 805
1826 807
1827 810
1828 810
1829 809
1830 807
1831 807
1832 808
1833 806
1834 805
1835 803
1836 804
1837 805
1838 805
1839 806
1840 805
1841 805
1842 804
1843 806
1844 804
1845 804
1846 802
1847 804
1848 801
1849 797
1850 796
1851 794
1852 796
1853 795
1854 795
1855 795
1856 793
1857 790
1858 790
1859 788
1860 788
1861 789
1862 792
1863 791
1864 793
1865 793
1866 791
1867 788
1868 783
1869 786
1870 788
1871 787
1872 789
1873 789
1874 791
1875 789
1876 787
1877 785
1878 787
1879 787
1880 788
1881 790
1882 792
1883 793
1884 792
1885 796
1886 801
1887 803
1888 803
1889 802
1890 803
1891 803
1892 805
1893 805
1894 809
1895 807
1896 810
1897 810
1898 815
1899 818
1900 817
1901 818
1902 818
1903 818
1904 820
1905 820
1906 820
1907 824
1908 826
1909 826
1910 830
1911 830
1912 828
1913 827
1914 829
1915 829
1916 830
1917 832
1918 833
1919 832
1920 833
1921 834
1922 836
1923 837
1924 838
1925 837
1926 838
1927 837
1928 838
1929 841
1930 845
1931 848
1932 849
1933 849
1934 853
1935 855
1936 858
1937 862
1938 864
1939 865
1940 865
1941 866
1942 867
1943 867
1944 868
1945 868
1946 868
1947 867
1948 872
1949 873
1950 877
1951 878
1952 881
1953 881
1954 887
1955 886
1956 885
1957 883
1958 885
1959 885
1960 884
1961 883
1962 883
1963 881
1964 884
1965 883
1966 881
1967 879
1968 879
1969 877
1970 875
1971 875
1972 875
1973 875
1974 877
1975 879
1976 880
1977 883
1978 883
1979 880
1980 880
1981 880
1982 881
1983 882
1984 883
1985 883
1986 883
1987 883
1988 884
1989 884
1990 884
1991 884
1992 883
1993 882
1994 878
1995 879
1996 878
1997 879
1998 878
1999 878
2000 878
2001 879
2002 878
2003 880
2004 879
2005 880
2006 879
2007 883
2008 883
2009 885
2010 883
2011 884
2012 886
2013 887
2014 887
2015 887
2016 887
2017 887
2018 885
2019 887
2020 885
2021 884
2022 881
2023 878
2024 878
2025 875
2026 877
2027 878
2028 877
2029 880
2030 880
2031 878
2032 874
2033 872
2034 873
2035 868
2036 864
2037 862
2038 863
2039 862
2040 862
2041 862
2042 859
2043 858
2044 857
2045 856
2046 853
2047 853
2048 853
2049 854
2050 857
2051 854
2052 857
2053 856
2054 856
2055 854
2056 854
2057 853
2058 855
2059 855
2060 852
2061 853
2062 855
2063 851
2064 851
2065 854
2066 855
2067 857
2068 856
2069 856
2070 855
2071 856
2072 856
2073 855
2074 854
2075 855
2076 855
2077 855
2078 857
2079 857
2080 858
2081 857
2082 861
2083 862
2084 863
2085 864
2086 865
2087 867
2088 868
2089 869
2090 869
2091 868
2092 866
2093 867
2094 866
2095 866
2096 865
2097 865
2098 864
2099 864
2100 866
2101 870
2102 869
2103 867
2104 869
2105 868
2106 868
2107 868
2108 873
2109 872
2110 871
2111 870
2112 870
2113 870
2114 868
2115 863
2116 862
2117 860
2118 860
2119 862
2120 864
2121 863
2122 865
2123 864
2124 863
2125 860
2126 861
2127 862
2128 862
2129 860
2130 862
2131 859
2132 858
2133 859
2134 859
2135 858
2136 857
2137 856
2138 859
2139 859
2140 857
2141 856
2142 856
2143 856
2144 856
2145 858
2146 858
2147 858
2148 858
2149 856
2150 859
2151 857
2152 857
2153 855
2154 857
2155 856
2156 855
2157 855
2158 858
2159 856
2160 857
2161 858
2162 859
2163 858
2164 857
2165 854
2166 853
2167 854
2168 855
2169 854
2170 853
2171 852
2172 853
2173 852
2174 854
2175 854
2176 857
2177 856
2178 857
2179 858
2180 858
2181 860
2182 859
2183 860
2184 860
2185 863
2186 863
2187 866
2188 865
2189 864
2190 867
2191 864
2192 866
2193 864
2194 863
2195 861
2196 860
2197 860
2198 863
2199 863
2200 861
2201 864
2202 863
2203 863
2204 863
2205 865
2206 863
2207 864
2208 868
2209 871
2210 870
2211 870
2212 873
2213 874
2214 874
2215 873
2216 873
2217 871
2218 868
2219 868
2220 866
2221 866
2222 867
2223 866
2224 865
2225 864
2226 867
2227 867
2228 865
2229 863
2230 862
2231 860
2232 863
2233 864
2234 863
2235 863
2236 861
2237 860
2238 860
2239 862
2240 861
2241 861
2242 861
2243 861
2244 860
2245 860
2246 861
2247 861
2248 861
2249 859
2250 860
2251 859
2252 861
2253 861
2254 864
2255 863
2256 862
2257 862
2258 860
2259 860
2260 861
2261 862
2262 862
2263 863
2264 864
2265 863
2266 863
2267 861
2268 864
2269 865
2270 866
2271 865
2272 866
2273 866
2274 869
2275 869
2276 871
2277 872
2278 874
2279 874
2280 875
2281 875
2282 877
2283 878
2284 882
2285 881
2286 883
2287 884
2288 887
2289 886
2290 886
2291 886
2292 887
2293 887
2294 888
2295 888
2296 888
2297 885
2298 886
2299 884
2300 887
2301 887
2302 889
2303 889
2304 888
2305 888
2306 891
2307 890
2308 890
2309 891
2310 890
2311 891
2312 890
2313 887
2314 888
2315 886
2316 886
2317 885
2318 884
2319 884
2320 883
2321 885
2322 885
2323 884
2324 882
2325 881
2326 879
2327 878
2328 878
2329 878
2330 879
2331 878
2332 879
2333 879
2334 879
2335 879
2336 880
2337 881
2338 883
2339 883
2340 883
2341 883
2342 883
2343 884
2344 885
2345 884
2346 883
2347 885
2348 884
2349 885
2350 884
2351 882
2352 882
2353 879
2354 879
2355 880
2356 880
2357 880
2358 879
2359 878
2360 878
2361 878
2362 879
2363 879
2364 881
2365 880
2366 880
2367 876
2368 877
2369 879
2370 880
2371 878
2372 879
2373 877
2374 877
2375 876
2376 876
2377 874
2378 874
2379 875
2380 874
2381 874
2382 873
2383 875
2384 872
2385 872
2386 868
2387 868
2388 866
2389 867
2390 867
2391 867
2392 868
2393 869
2394 870
2395 871
2396 873
2397 873
2398 871
2399 870
2400 869
2401 870
2402 872
2403 873
2404 874
2405 872
2406 872
2407 874
2408 872
2409 875
2410 876
2411 879
2412 880
2413 879
2414 882
2415 883
2416 883
2417 884
2418 884
2419 884
2420 884
2421 882
2422 880
2423 878
2424 880
2425 883
2426 883
2427 884
2428 885
2429 886
2430 887
2431 888
2432 889
2433 891
2434 892
2435 892
2436 895
2437 896
2438 897
2439 898
2440 897
2441 897
2442 897
2443 898
2444 898
2445 897
2446 898
2447 900
2448 899
2449 899
2450 897
2451 898
2452 899
2453 899
2454 898
2455 898
2456 897
2457 899
2458 900
2459 903
2460 904
2461 906
2462 905
2463 906
2464 907
2465 905
2466 907
2467 908
2468 908
2469 906
2470 907
2471 907
2472 906
2473 908
2474 907
2475 907
2476 904
2477 904
2478 905
2479 906
2480 907
2481 907
2482 911
2483 912
2484 910
2485 911
2486 912
2487 911
2488 910
2489 908
2490 908
2491 905
2492 900
2493 900
2494 901
2495 899
2496 900
2497 896
2498 897
2499 896
2500 892
2501 892
2502 892
2503 893
2504 891
2505 891
2506 891
2507 890
2508 889
2509 889
2510 891
2511 891
2512 892
2513 891
2514 892
2515 893
2516 895
2517 896
2518 897
2519 897
2520 898
2521 900
2522 902
2523 901
2524 903
2525 903
2526 904
2527 905
2528 906
2529 907
2530 909
2531 910
2532 910
2533 911
2534 914
2535 918
2536 919
2537 920
2538 925
2539 927
2540 927
2541 930
2542 929
2543 930
2544 927
2545 928
2546 930
2547 935
2548 936
2549 936
2550 942
2551 945
2552 946
2553 945
2554 948
2555 953
2556 957
2557 955
2558 955
2559 950
2560 952
2561 952
2562 951
2563 953
2564 951
2565 952
2566 952
2567 952
2568 951
2569 951
2570 951
2571 951
2572 949
2573 949
2574 949
2575 949
2576 948
2577 946
2578 946
2579 945
2580 946
2581 946
2582 948
2583 946
2584 947
2585 948
2586 949
2587 952
2588 953
2589 953
2590 952
2591 952
2592 950
2593 948
2594 945
2595 943
2596 942
2597 942
2598 939
2599 936
2600 937
2601 937
2602 934
2603 933
2604 935
2605 934
2606 936
2607 936
2608 934
2609 934
2610 932
2611 933
2612 934
2613 935
2614 934
2615 935
2616 935
2617 936
2618 937
2619 936
2620 936
2621 936
2622 934
2623 933
2624 932
2625 932
2626 931
2627 929
2628 930
2629 930
2630 930
2631 929
2632 929
2633 929
2634 929
2635 929
2636 928
2637 930
2638 929
2639 930
2640 930
2641 929
2642 931
2643 928
2644 931
2645 932
2646 931
2647 933
2648 933
2649 932
2650 931
2651 931
2652 928
2653 927
2654 925
2655 926
2656 928
2657 927
2658 927
2659 928
2660 928
2661 929
2662 929
2663 928
2664 929
2665 931
2666 937
2667 940
2668 939
2669 940
2670 941
2671 939
2672 940
2673 937
2674 939
2675 936
2676 935
2677 940
2678 939
2679 939
2680 939
2681 938
2682 937
2683 937
2684 935
2685 935
2686 937
2687 938
2688 937
2689 934
2690 935
2691 934
2692 935
2693 934
2694 935
2695 933
2696 938
2697 938
2698 937
2699 938
2700 940
2701 941
2702 939
2703 941
2704 939
2705 940
2706 942
2707 938
2708 938
2709 938
2710 937
2711 935
2712 938
2713 938
2714 938
2715 938
2716 938
2717 938
2718 937
2719 938
2720 938
2721 940
2722 939
2723 940
2724 939
2725 940
2726 940
2727 940
2728 941
2729 943
2730 942
2731 942
2732 942
2733 944
2734 944
2735 944
2736 944
2737 945
2738 947
2739 949
2740 948
2741 951
2742 951
2743 951
2744 948
2745 948
2746 949
2747 949
2748 950
2749 949
2750 948
2751 944
2752 945
2753 947
2754 945
2755 946
2756 945
2757 946
2758 944
2759 944
2760 942
2761 943
2762 941
2763 940
2764 939
2765 937
2766 936
2767 937
2768 938
2769 937
2770 936
2771 936
2772 933
2773 932
2774 933
2775 934
2776 935
2777 935
2778 936
2779 941
2780 941
2781 942
2782 941
2783 944
2784 942
2785 942
2786 943
2787 944
2788 943
2789 944
2790 947
2791 947
2792 947
2793 949
2794 948
2795 948
2796 950
2797 952
2798 953
2799 952
2800 954
2801 954
2802 958
2803 960
2804 962
2805 966
2806 967
2807 968
2808 967
2809 967
2810 969
2811 970
2812 969
2813 972
2814 970
2815 973
2816 974
2817 975
2818 976
2819 972
2820 973
2821 975
2822 978
2823 979
2824 977
2825 978
2826 978
2827 981
2828 980
2829 979
2830 978
2831 979
2832 978
2833 979
2834 981
2835 981
2836 979
2837 979
2838 978
2839 979
2840 978
2841 979
2842 979
2843 980
2844 977
2845 976
2846 976
2847 974
2848 976
2849 977
2850 978
2851 977
2852 977
2853 977
2854 976
2855 975
2856 973
2857 973
2858 972
2859 972
2860 973
2861 974
2862 973
2863 974
2864 973
2865 973
2866 975
2867 977
2868 980
2869 980
2870 978
2871 980
2872 978
2873 976
2874 976
2875 974
2876 974
2877 974
2878 972
2879 972
2880 973
2881 974
2882 972
2883 974
2884 974
2885 972
2886 973
2887 974
2888 972
2889 974
2890 973
2891 974
2892 975
2893 975
2894 974
2895 974
2896 976
2897 976
2898 976
2899 977
2900 977
2901 980
2902 980
2903 983
2904 984
2905 986
2906 983
2907 982
2908 980
2909 979
2910 979
2911 978
2912 980
2913 979
2914 980
2915 980
2916 980
2917 979
2918 979
2919 981
2920 981
2921 982
2922 983
2923 983
2924 985
2925 985
2926 980
2927 979
2928 977
2929 977
2930 976
2931 977
2932 978
2933 977
2934 975
2935 973
2936 972
2937 973
2938 972
2939 971
2940 970
2941 969
2942 968
2943 968
2944 967
2945 968
2946 970
2947 970
2948 972
2949 973
2950 973
2951 976
2952 980
2953 981
2954 983
2955 983
2956 984
2957 982
2958 982
2959 981
2960 981
2961 978
2962 980
2963 976
2964 976
2965 974
2966 975
2967 974
2968 976
2969 977
2970 978
2971 976
2972 978
2973 978
2974 977
2975 976
2976 975
2977 974
2978 974
2979 976
2980 976
2981 978
2982 978
2983 978
2984 978
2985 978
2986 978
2987 978
2988 980
2989 980
2990 980
2991 981
2992 981
2993 983
2994 984
2995 982
2996 981
2997 982
2998 984
2999 983
3000 984
3001 984
3002 985
3003 988
3004 987
3005 990
3006 993
3007 994
3008 997
3009 998
3010 998
3011 999
3012 998
3013 997
3014 1000
3015 998
3016 996
3017 996
3018 997
3019 994
3020 994
3021 993
3022 994
3023 994
3024 997
3025 1002
3026 1001
3027 1000
3028 998
3029 998
3030 996
3031 994
3032 994
3033 993
3034 992
3035 990
3036 991
3037 993
3038 993
3039 995
3040 996
3041 996
3042 997
3043 997
3044 997
3045 996
3046 996
3047 994
3048 994
3049 995
3050 997
3051 999
3052 999
3053 998
3054 998
3055 998
3056 997
3057 997
3058 996
3059 998
3060 998
3061 997
3062 997
3063 998
3064 997
3065 997
3066 996
3067 996
3068 998
3069 998
3070 996
3071 997
3072 998
3073 998
3074 1003
3075 1006
3076 1006
3077 1009
3078 1011
3079 1012
3080 1014
3081 1014
3082 1013
3083 1013
3084 1014
3085 1012
3086 1013
3087 1014
3088 1016
3089 1017
3090 1019
3091 1018
3092 1016
3093 1016
3094 1018
3095 1016
3096 1017
3097 1014
3098 1014
3099 1014
3100 1014
3101 1013
3102 1015
3103 1013
3104 1015
3105 1012
3106 1013
3107 1014
3108 1016
3109 1014
3110 1014
3111 1018
3112 1018
3113 1017
3114 1018
3115 1016
3116 1016
3117 1017
3118 1013
3119 1012
3120 1010
3121 1009
3122 1007
3123 1007
3124 1008
3125 1011
3126 1011
3127 1010
3128 1010
3129 1009
3130 1009
3131 1009
3132 1006
3133 1006
3134 1004
3135 1004
3136 1005
3137 1004
3138 1004
3139 1004
3140 1005
3141 1005
3142 1004
3143 1003
3144 1004
3145 1004
3146 1005
3147 1004
3148 1002
3149 1001
3150 1004
3151 1003
3152 1003
3153 1002
3154 1004
3155 1002
3156 1002
3157 1001
3158 999
3159 999
3160 1000
3161 999
3162 1003
3163 1002
3164 1004
3165 1005
3166 1005
3167 1005
3168 1007
3169 1007
3170 1005
3171 1006
3172 1006
3173 1007
3174 1011
3175 1010
3176 1013
3177 1015
3178 1016
3179 1016
3180 1018
3181 1020
3182 1021
3183 1023
3184 1023
3185 1022
3186 1022
3187 1023
3188 1026
3189 1025
3190 1027
3191 1029
3192 1028
3193 1027
3194 1028
3195 1028
3196 1026
3197 1027
3198 1029
3199 1029
3200 1030
3201 1029
3202 1030
3203 1029
3204 1028
3205 1030
3206 1032
3207 1036
3208 1036
3209 1038
3210 1037
3211 1036
3212 1037
3213 1037
3214 1038
3215 1039
3216 1039
3217 1039
3218 1038
3219 1038
3220 1036
3221 1035
3222 1035
3223 1033
3224 1030
3225 1029
3226 1030
3227 1030
3228 1030
3229 1032
3230 1029
3231 1031
3232 1031
3233 1033
3234 1034
3235 1038
3236 1040
3237 1040
3238 1040
3239 1041
3240 1042
3241 1041
3242 1043
3243 1043
3244 1044
3245 1045
3246 1046
3247 1044
3248 1044
3249 1042
3250 1045
3251 1046
3252 1048
3253 1052
3254 1053
3255 1056
3256 1056
3257 1059
3258 1061
3259 1064
3260 1065
3261 1070
3262 1070
3263 1074
3264 1075
3265 1077
3266 1080
3267 1082
3268 1083
3269 1085
3270 1088
3271 1088
3272 1093
3273 1092
3274 1094
3275 1094
3276 1094
3277 1093
3278 1095
3279 1100
3280 1101
3281 1098
3282 1100
3283 1101
3284 1101
3285 1099
3286 1101
3287 1098
3288 1098
3289 1100
3290 1101
3291 1100
3292 1099
3293 1098
3294 1100
3295 1098
3296 1098
3297 1097
3298 1098
3299 1099
3300 1098
3301 1097
3302 1098
3303 1098
3304 1101
3305 1101
3306 1101
3307 1100
3308 1099
3309 1100
3310 1097
3311 1097
3312 1095
3313 1096
3314 1097
3315 1094
3316 1094
3317 1094
3318 1094
3319 1094
3320 1093
3321 1094
3322 1095
3323 1095
3324 1096
3325 1097
3326 1096
3327 1096
3328 1095
3329 1095
3330 1096
3331 1092
3332 1093
3333 1091
3334 1090
3335 1090
3336 1091
3337 1090
3338 1090
3339 1090
3340 1090
3341 1089
3342 1086
3343 1087
3344 1088
3345 1089
3346 1089
3347 1088
3348 1087
3349 1087
3350 1088
3351 1087
3352 1089
3353 1087
3354 1088
3355 1089
3356 1089
3357 1090
3358 1090
3359 1091
3360 1092
3361 1093
3362 1094
3363 1095
3364 1095
3365 1095
3366 1097
3367 1097
3368 1097
3369 1098
3370 1098
3371 1098
3372 1098
3373 1096
3374 1094
3375 1095
3376 1090
3377 1091
3378 1089
3379 1088
3380 1088
3381 1089
3382 1085
3383 1088
3384 1088
3385 1088
3386 1086
3387 1088
3388 1089
3389 1088
3390 1089
3391 1091
3392 1090
3393 1090
3394 1087
3395 1087
3396 1086
3397 1090
3398 1088
3399 1088
3400 1086
3401 1084
3402 1084
3403 1085
3404 1085
3405 1086
3406 1088
3407 1088
3408 1089
3409 1091
3410 1091
3411 1092
3412 1092
3413 1090
3414 1089
3415 1090
3416 1092
3417 1092
3418 1092
3419 1092
3420 1093
3421 1094
3422 1091
3423 1091
3424 1092
3425 1092
3426 1093
3427 1094
3428 1097
3429 1097
3430 1096
3431 1097
3432 1096
3433 1096
3434 1095
3435 1093
3436 1093
3437 1097
3438 1097
3439 1098
3440 1100
3441 1101
3442 1101
3443 1105
3444 1105
3445 1105
3446 1106
3447 1106
3448 1106
3449 1109
3450 1110
3451 1113
3452 1116
3453 1118
3454 1118
3455 1122
3456 1123
3457 1124
3458 1125
3459 1126
3460 1127
3461 1127
3462 1126
3463 1128
3464 1129
3465 1129
3466 1130
3467 1131
3468 1132
3469 1135
3470 1133
3471 1135
3472 1135
3473 1136
3474 1138
3475 1139
3476 1138
3477 1137
3478 1136
3479 1134
3480 1134
3481 1134
3482 1136
3483 1138
3484 1136
3485 1135
3486 1134
3487 1134
3488 1135
3489 1133
3490 1135
3491 1137
3492 1139
3493 1142
3494 1143
3495 1142
3496 1141
3497 1142
3498 1143
3499 1143
3500 1140
3501 1140
3502 1139
3503 1141
3504 1142
3505 1142
3506 1143
3507 1143
3508 1143
3509 1143
3510 1142
3511 1140
3512 1143
3513 1141
3514 1141
3515 1142
3516 1142
3517 1141
3518 1140
3519 1141
3520 1142
3521 1142
3522 1140
3523 1139
3524 1138
3525 1137
3526 1137
3527 1136
3528 1135
3529 1135
3530 1136
3531 1136
3532 1136
3533 1137
3534 1139
3535 1137
3536 1138
3537 1141
3538 1141
3539 1139
3540 1140
3541 1142
3542 1141
3543 1140
3544 1139
3545 1142
3546 1143
3547 1145
3548 1149
3549 1152
3550 1152
3551 1153
3552 1154
3553 1156
3554 1157
3555 1160
3556 1162
3557 1161
3558 1161
3559 1159
3560 1160
3561 1161
3562 1161
3563 1164
3564 1167
3565 1166
3566 1164
3567 1166
3568 1164
3569 1165
3570 1166
3571 1165
3572 1165
3573 1164
3574 1165
3575 1167
3576 1170
3577 1170
3578 1170
3579 1168
3580 1168
3581 1166
3582 1164
3583 1162
3584 1166
3585 1166
3586 1169
3587 1167
3588 1169
3589 1171
3590 1173
3591 1173
3592 1174
3593 1173
3594 1172
3595 1174
3596 1175
3597 1174
3598 1173
3599 1173
