#new-final
38.997663, -76.500421
38.988264, -76.526421
38.997402, -76.500712
38.976694, -76.540461
38.965828, -76.536356
38.944537, -76.512094
38.942337, -76.502527
38.946949, -76.487152
38.952255, -76.471790
38.981231, -76.477152

4007.94,8546.69
1460.41,7180.21
867.05,6696.73
493.46,5905.58
889.03,4828.74
2901.77,2296.49
3675.33,2064.42
5119.32,2502.77
6357.03,3224.77
6047.60,6344.81

#old-much routers:
1474.09,9106.43
320.14,7748.84
71.25,5554.09
727.42,3314.08
1655.10,2273.26
4935.92,1119.32
6610.27,1662.35
7017.55,2680.54
6021.99,6391.26
3465.21,8812.28

39.005238, -76.529351
38.992422, -76.542660
38.973419, -76.545904
38.953748, -76.537904
38.943697, -76.526983
38.934005, -76.488142
38.938938, -76.468926
38.948583, -76.463904
38.981252, -76.476331
39.002463, -76.507604
